   18.54
   6.447
   59.84
   51.79
   33.24
   4.956
   13.84
   10.15
   17.63
   27.24
   52.05
   23.38
   28.28
   11.64
    36.8
   25.04
    12.6
   55.64
   58.68
      47
   41.19
   28.68
   19.88
   9.208
   9.172
   10.96
   43.51
   40.56
   45.45
   24.25
   56.87
   32.68
   37.05
   57.72
   23.81
   19.73
   38.47
   34.74
   59.01
   27.22
   31.92
   15.68
    11.3
   38.84
   41.68
   46.74
      50
   22.28
    12.4
   8.783
   12.18
      14
   41.43
   56.09
   48.02
   27.07
   21.11
   52.22
    27.1
   17.99
   48.09
   8.818
   6.714
   30.49
   6.626
    52.4
   51.19
   44.33
   36.94
   37.19
   51.21
   1.163
   59.49
   42.93
   15.07
   7.271
   7.286
   46.68
   6.076
   5.442
   58.22
   7.653
   20.79
   36.75
   41.36
      11
   44.38
   30.39
   23.29
   57.63
    46.9
   6.457
   9.392
   31.04
   38.64
   42.79
   58.17
   18.13
   7.397
   5.774
   41.56
   39.96
   32.84
   48.15
   54.26
   18.65
   46.76
   44.82
   56.02
   39.11
   6.442
   31.68
   44.96
   20.91
   8.934
   54.42
   53.89
   39.05
   51.38
   17.33
   28.62
   54.83
   27.33
   4.121
   1.271
   59.59
   18.05
   8.749
   27.58
   41.57
   52.83
    20.2
   6.222
   11.72
   46.31
   48.32
   29.12
    29.5
   30.78
   31.64
   23.77
   51.68
    34.5
   40.15
   44.52
    17.2
   19.01
   6.144
   32.92
   49.92
   52.42
   45.03
      50
   12.48
   10.79
   9.139
   36.63
   4.101
   46.35
   44.52
   45.77
   32.38
   52.89
   26.77
   2.843
   39.11
   16.03
   58.85
      56
   44.12
   9.536
   24.89
   41.46
   53.05
   14.66
      29
   10.82
   24.19
   34.41
   8.092
   50.36
   12.25
   30.92
   52.67
   41.35
   17.25
   39.69
   19.67
   10.37
   10.24
   47.96
   30.25
   7.653
   18.21
      50
   23.63
   44.33
    31.8
    43.4
   18.88
   29.79
   31.19
   25.43
   22.73
   3.987
   11.88
   48.32
   55.41
   15.76
   10.52
   38.57
   58.42
    1.11
    12.7
   29.27
   38.39
   15.55
   37.78
   38.44
   33.86
   53.41
   46.67
   6.278
   23.11
   44.13
   26.72
   27.55
   8.957
   25.58
   17.43
   52.83
   44.58
   22.39
   18.34
   2.876
   23.32
   42.26
   14.82
   59.89
   58.51
   13.24
    3.87
   14.87
   37.27
   16.09
   19.93
   30.88
   59.35
   44.53
   42.73
   49.43
   49.88
   1.646
   23.04
   22.71
   21.25
    50.1
   26.56
   27.95
   39.89
    18.5
   23.67
   27.73
   16.09
   46.72
   33.25
   43.27
    24.8
   51.18
   30.54
   32.78
   36.47
   16.18
   31.88
   5.723
   1.822
   49.19
   2.595
   19.17
    54.7
   23.19
   59.76
   56.08
    6.87
   44.98
   26.01
   21.66
   22.82
   38.47
    45.4
   34.61
   55.59
   36.01
   19.17
    10.5
   49.58
   56.69
   44.57
   12.03
   25.34
   43.66
   27.67
   9.394
   46.44
   37.47
   4.211
   53.54
   9.214
   54.33
   47.35
   36.52
   22.61
   23.44
   57.52
    41.8
      21
   19.33
   24.23
   45.54
   25.98
   22.16
   51.89
   30.94
   54.21
      32
   31.59
   43.55
   25.19
   6.187
   20.94
   10.56
    23.1
   32.61
   33.89
   32.14
   27.59
   31.03
   7.518
   23.73
   57.61
    44.4
   4.846
   7.363
   20.23
   58.17
   4.672
   48.98
   31.42
    55.6
   45.36
   18.75
    28.9
   14.07
   14.68
   59.34
   33.92
   19.39
   29.58
   51.28
    59.1
   26.13
   49.04
   22.26
   16.22
   30.92
   17.85
   25.42
   37.06
    9.76
   10.46
   17.69
   27.16
   32.33
   20.75
   33.09
   45.71
   22.31
   46.87
   2.046
   36.28
   48.69
   58.06
    42.7
   29.71
    27.1
   20.43
   44.21
   51.86
   11.08
    40.8
    17.1
   31.45
   11.43
   38.51
   30.53
   2.872
   51.51
   7.202
   31.64
   14.01
   45.57
   40.69
   18.83
   34.03
      31
   4.706
   38.11
   38.21
   46.74
   34.78
   2.389
   33.75
   11.51
   30.98
   41.79
   26.59
   15.16
    37.8
   27.97
   47.19
   19.97
   33.91
   42.42
   58.39
   33.98
   17.01
   18.79
    40.2
   48.29
    29.6
   34.21
    15.6
   33.36
    7.86
   10.56
   17.37
   53.34
   43.38
   5.831
   54.89
   26.39
   55.04
   33.42
   21.98
   15.96
   50.78
   58.44
   17.68
   50.15
   35.44
   53.02
   18.07
   58.97
   36.57
   51.64
    20.1
    47.7
    12.2
   29.45
    8.37
   34.15
   53.71
   16.53
   39.98
   45.03
   57.63
   35.28
   34.33
   53.24
   46.43
   37.66
   34.91
   33.15
   17.32
   19.55
   58.13
   15.96
   27.11
   17.04
   1.149
   26.99
   41.02
   43.76
   21.66
      23
   17.42
   28.18
   32.71
   6.482
   51.73
    45.9
   23.53
   22.01
   48.19
   21.02
   26.32
   34.51
   40.67
    17.4
   24.08
   43.61
    41.5
      58
   35.41
   20.93
   8.266
   3.175
   22.35
    24.4
   46.64
   19.01
   34.14
   17.58
   23.17
   42.61
   56.11
   42.95
   4.124
   14.42
    35.4
   41.24
   45.26
   51.55
   24.84
   24.77
   40.68
   31.07
   31.76
   14.69
   43.61
   58.32
   43.76
   37.36
   56.25
   50.25
   54.56
   2.646
   55.54
   26.71
   30.79
    54.2
   19.01
   47.75
   55.83
   34.82
   9.573
   32.97
   1.572
   13.72
   24.34
   52.79
    26.3
   46.88
   20.45
   29.82
   10.46
   55.33
   58.85
    30.1
   54.47
   57.47
   35.13
   23.46
   32.55
    47.4
   59.35
   56.84
   31.52
   50.19
   9.805
   14.56
   22.62
   59.26
   30.89
   27.66
   5.348
   32.63
   27.87
   57.24
   33.21
   7.241
   46.73
   8.691
   3.593
   36.31
   4.948
    23.1
   37.54
   8.611
   12.35
   1.503
    33.6
   57.77
   42.87
   14.22
   47.58
   27.62
   19.44
   2.152
   23.43
   58.48
   16.71
   9.124
      55
   52.49
   50.93
   1.163
   57.87
    23.9
   46.72
   39.83
   31.18
    36.4
   39.94
   42.52
   24.42
   22.44
   26.42
    14.8
   45.25
   15.51
   46.83
   46.69
    26.3
   28.49
    35.5
      14
   28.02
   49.94
   23.18
    46.6
   28.46
   40.42
   44.91
   52.82
   8.064
   46.79
   47.78
   10.65
   34.54
   21.54
   34.79
   23.15
   52.63
   55.11
   31.63
    19.7
   27.94
   18.16
   53.51
   47.34
   31.72
   29.94
   12.97
   31.08
   30.74
   41.54
   40.67
   6.207
   31.03
   9.266
   39.23
    55.6
   44.76
   8.908
    4.06
   11.04
   56.99
   55.07
    49.1
   39.53
   51.53
   38.47
   19.72
    49.6
   36.73
   17.28
   49.46
   41.62
   12.31
   36.39
   54.89
   45.11
   54.13
   5.795
    56.4
   56.06
   45.06
   50.82
   27.03
   33.25
   54.76
    36.5
   36.25
   12.55
   11.48
   35.86
   39.82
   44.21
   22.92
   31.23
   23.56
   12.22
   47.98
   28.58
   29.17
   43.59
   40.63
    53.8
   3.077
   32.69
   34.68
   31.04
    58.2
   50.52
   51.62
   14.99
   27.79
   46.05
    8.43
   10.24
   22.24
   19.54
   38.36
   26.55
   41.89
   18.85
   44.79
   16.17
   2.848
   17.71
   22.02
   47.19
    57.8
   30.11
   22.05
   4.787
   31.81
   47.53
   3.479
    59.6
   38.15
   35.32
   34.22
      15
    32.1
   46.97
   22.36
   11.43
   13.79
   43.45
      37
   50.71
   53.96
   7.484
      39
   51.32
    24.8
   57.91
   24.84
   21.76
    38.8
   32.97
   52.44
   56.84
   2.477
   17.62
   30.91
   38.99
   55.27
   44.82
   41.44
   47.57
   5.321
   32.92
   9.071
   1.191
    4.26
   17.89
    23.5
   8.027
   42.06
   31.66
   10.93
   8.125
   31.84
   39.48
   54.83
   5.716
   12.65
   54.15
   8.791
   6.528
   57.32
   14.39
   53.33
    14.1
   3.255
   17.14
    13.7
    26.1
   9.236
   18.87
   34.67
   30.62
   50.26
   8.892
    16.4
   2.511
   2.322
   5.659
    53.2
   17.68
   22.26
    53.1
   46.37
    13.4
   42.54
   39.94
      25
   20.65
   33.09
   49.96
   53.79
   42.38
   27.09
   4.369
   22.87
   49.87
   28.79
    12.1
   27.58
   38.02
   39.35
   12.09
   40.32
   21.66
   23.61
   5.641
   54.36
   31.87
   53.95
    52.7
   50.61
   53.29
   41.04
   32.17
   23.48
   20.44
   54.72
   51.26
   6.671
   50.02
   54.77
   28.75
      40
   24.22
   34.74
   45.32
   18.19
   59.06
   47.73
   44.88
   11.71
   28.66
   55.26
   7.876
   56.56
   33.59
   12.04
   6.574
   3.106
   43.17
   9.789
   24.41
   13.89
   9.777
   8.059
   11.28
   58.41
   42.15
   37.04
   56.86
      57
   47.74
   46.36
   32.92
   24.57
   23.96
   48.93
   2.643
   37.46
   54.57
   28.74
   39.91
   23.24
   10.92
   25.64
   48.64
   22.53
   20.32
    43.2
    54.1
    37.8
   49.33
   15.51
    22.2
   59.19
   18.04
   9.971
   32.83
   31.33
   32.44
   17.14
   40.14
   56.15
   26.71
   35.51
    45.9
   5.668
    54.5
   38.34
   36.75
   19.84
   49.31
   58.47
   39.58
   1.334
   56.71
   37.13
   58.79
   54.39
   53.76
   26.74
   13.62
   38.58
   4.236
   39.76
   29.47
   7.673
   31.98
   15.43
   21.22
   58.39
   4.215
   22.68
   43.51
   2.266
   58.84
   49.87
   51.07
   40.44
   10.76
    30.6
   13.05
   22.47
   56.18
   46.58
    27.3
   3.144
   1.941
   58.39
   21.72
    32.3
   28.81
   49.33
   45.54
    3.63
   38.81
   51.19
   29.64
    34.5
   5.514
    52.1
   18.87
   19.74
   29.38
   22.33
   50.37
   11.51
   39.04
    58.1
   31.84
   9.047
   23.63
   53.37
   32.94
   43.52
    29.1
   20.72
   45.48
   26.83
   36.51
   58.09
   38.86
   13.42
   17.38
   20.62
   15.28
   49.09
   47.95
