   5.787
    5.03
   5.126
   5.354
   5.569
   5.838
   5.575
   5.615
   5.603
    5.69
   5.966
   5.196
   5.347
    5.04
   5.467
   5.471
   5.411
   5.042
   5.112
   5.482
   5.491
   5.981
   5.745
    5.37
   5.309
   5.717
   5.952
   5.821
    5.55
   5.119
       5
   5.497
     5.8
   5.505
   5.777
   5.479
   5.482
   5.074
   5.727
   5.697
   5.794
    5.35
   5.787
   5.376
   5.648
   5.616
   5.327
   5.468
   5.607
   5.353
   5.086
    5.09
   5.819
   5.676
   5.109
   5.966
    5.96
   5.772
   5.686
   5.856
   5.169
   5.338
   5.287
   5.003
   5.983
    5.02
   5.503
   5.564
    5.28
   5.846
   5.981
   5.048
    5.21
   5.667
   5.363
   5.759
    5.14
   5.595
   5.219
   5.225
   5.582
   5.439
   5.994
   5.644
   5.142
   5.142
   5.934
   5.315
   5.447
   5.219
   5.033
   5.079
   5.087
   5.196
   5.965
   5.755
   5.556
   5.044
   5.023
   5.578
   5.182
   5.623
   5.057
   5.637
   5.071
   5.111
   5.411
   5.313
    5.04
   5.447
   5.862
   5.713
   5.557
   5.769
   5.555
   5.111
   5.679
   5.848
   5.939
   5.387
   5.986
   5.527
   5.713
   5.457
   5.524
    5.16
   5.752
   5.721
   5.737
   5.047
   5.054
    5.49
   5.408
   5.875
   5.672
   5.433
   5.594
    5.15
   5.652
   5.008
   5.567
   5.641
   5.975
   5.899
   5.749
   5.812
   5.487
   5.461
   5.647
   5.263
   5.844
   5.149
   5.798
   5.165
   5.444
    5.96
   5.698
     5.7
   5.369
    5.87
   5.745
   5.497
   5.317
    5.27
   5.175
    5.07
   5.545
   5.405
   5.999
   5.254
   5.804
   5.811
   5.942
   5.645
   5.275
   5.753
   5.377
   5.036
    5.51
   5.662
   5.267
   5.855
   5.366
   5.572
     5.1
   5.601
   5.946
   5.557
   5.827
   5.284
   5.533
   5.171
   5.798
   5.862
    5.53
   5.885
   5.702
   5.676
   5.396
    5.52
   5.504
    5.89
   5.585
   5.693
   5.381
   5.927
   5.482
   5.244
    5.66
    5.91
   5.342
   5.683
   5.757
   5.093
   5.225
   5.622
   5.112
   5.304
   5.936
   5.215
    5.13
   5.382
   5.963
   5.593
   5.115
   5.612
   5.411
   5.304
   5.208
   5.163
   5.943
   5.749
   5.328
   5.528
   5.715
    5.62
   5.104
   5.958
   5.315
   5.339
   5.816
   5.902
   5.702
   5.493
   5.335
   5.446
   5.139
   5.271
   5.053
   5.744
   5.134
   5.905
   5.827
   5.462
   5.378
   5.104
   5.916
   5.215
    5.68
   5.496
   5.913
   5.999
   5.904
   5.059
   5.689
   5.636
   5.911
   5.564
   5.329
   5.204
   5.492
   5.009
   5.065
   5.483
   5.309
    5.06
    5.22
   5.382
   5.827
   5.485
    5.14
   5.388
   5.259
   5.594
   5.136
   5.993
   5.497
   5.674
   5.418
    5.14
   5.054
    5.43
   5.034
   5.653
   5.999
    5.42
   5.807
   5.683
   5.893
   5.491
   5.276
   5.136
   5.733
   5.221
   5.625
   5.119
   5.881
   5.353
   5.631
   5.371
   5.008
   5.234
   5.594
   5.705
   5.029
   5.251
   5.275
   5.443
   5.039
   5.271
    5.84
   5.855
   5.254
   5.075
    5.79
   5.594
   5.945
   5.799
   5.901
   5.138
    5.38
   5.371
   5.163
   5.222
   5.755
   5.944
   5.715
   5.281
   5.137
   5.341
   5.787
   5.881
     5.4
   5.487
   5.632
   5.165
   5.162
   5.846
   5.464
   5.282
   5.721
   5.863
   5.403
    5.83
   5.997
   5.399
     5.4
   5.291
   5.463
   5.167
   5.188
    5.47
    5.09
   5.172
   5.208
   5.931
   5.278
   5.148
   5.554
   5.436
   5.797
   5.993
   5.907
   5.381
   5.723
   5.211
   5.473
   5.236
   5.378
   5.346
   5.921
   5.978
   5.264
    5.42
   5.323
   5.533
   5.002
   5.371
   5.084
   5.212
   5.271
   5.491
   5.888
   5.147
   5.742
   5.864
   5.631
   5.731
    5.02
     5.8
    5.36
   5.054
   5.578
   5.278
   5.209
    5.34
   5.695
   5.377
   5.336
   5.386
   5.396
   5.721
   5.866
   5.999
   5.385
    5.91
   5.819
   5.433
   5.988
    5.96
   5.059
   5.825
   5.086
   5.741
    5.22
   5.638
   5.055
   5.414
   5.651
   5.091
     5.7
    5.87
   5.352
   5.603
   5.199
   5.163
   5.911
   5.226
   5.035
   5.953
    5.44
   5.085
   5.933
    5.94
   5.515
   5.815
   5.804
   5.302
   5.112
   5.998
   5.675
   5.134
   5.544
   5.601
   5.629
   5.885
   5.401
   5.412
   5.747
   5.793
   5.486
    5.48
   5.037
   5.326
    5.75
   5.552
    5.38
   5.619
   5.234
   5.508
   5.461
   5.907
   5.004
   5.801
    5.71
    5.97
   5.089
   5.895
   5.239
   5.565
   5.418
   5.698
    5.78
   5.863
   5.758
   5.007
   5.618
   5.892
   5.652
   5.937
   5.537
   5.968
   5.354
   5.367
    5.75
   5.138
    5.77
    5.37
   5.839
   5.613
   5.395
   5.655
   5.692
   5.209
   5.246
   5.003
   5.444
   5.782
   5.807
   5.706
   5.409
   5.667
   5.958
   5.001
   5.022
   5.115
   5.921
   5.512
   5.772
    5.73
    5.19
   5.683
   5.145
   5.908
   5.475
    5.22
   5.557
   5.273
   5.634
   5.525
   5.294
   5.114
   5.613
   5.135
   5.448
   5.826
   5.386
    5.16
   5.855
   5.343
   5.886
   5.718
   5.033
   5.577
    5.95
   5.376
    5.12
   5.858
    5.25
   5.585
   5.809
   5.369
   5.235
   5.118
   5.288
   5.582
   5.067
   5.509
   5.177
   5.701
   5.558
   5.487
   5.465
   5.092
   5.108
   5.418
   5.446
   5.729
   5.641
    5.74
   5.661
   5.622
   5.546
     5.4
    5.83
   5.265
   5.612
   5.292
   5.793
   5.063
   5.964
   5.695
   5.448
   5.777
   5.005
   5.711
   5.686
   5.959
    5.35
   5.701
   5.329
    5.39
   5.762
   5.724
    5.07
   5.515
   5.097
   5.972
   5.406
   5.885
   5.231
   5.213
    5.58
   5.589
   5.005
    5.22
   5.517
   5.698
   5.163
   5.217
    5.76
   5.696
   5.283
    5.31
   5.409
   5.923
   5.719
    5.93
   5.057
   5.008
   5.541
   5.266
   5.732
   5.309
   5.465
   5.704
   5.828
   5.352
   5.799
   5.266
   5.046
   5.263
   5.374
   5.046
   5.332
   5.212
   5.483
   5.647
   5.815
   5.845
   5.822
    5.62
   5.739
   5.728
   5.424
     5.9
   5.408
   5.775
   5.596
   5.245
    5.12
   5.696
   5.859
   5.672
   5.104
   5.427
   5.886
   5.897
   5.458
   5.571
   5.434
   5.769
   5.085
   5.832
   5.289
   5.709
   5.636
   5.459
   5.198
    5.15
   5.441
   5.676
   5.808
    5.97
   5.449
   5.126
   5.607
   5.932
   5.167
   5.303
   5.854
   5.124
   5.594
   5.994
   5.525
   5.389
   5.164
   5.713
   5.242
   5.771
   5.678
   5.141
    5.22
   5.949
   5.242
   5.561
   5.195
   5.671
    5.21
   5.299
   5.368
   5.198
   5.115
   5.159
    5.34
   5.736
   5.609
    5.86
    5.05
   5.877
   5.402
   5.476
   5.713
   5.035
   5.198
    5.87
   5.755
   5.884
   5.631
   5.135
   5.754
   5.796
   5.207
   5.031
   5.375
   5.275
   5.236
   5.419
    5.31
     5.4
   5.773
   5.702
   5.212
   5.258
   5.555
   5.263
   5.636
   5.386
   5.937
   5.898
   5.973
   5.202
   5.833
   5.261
    5.39
   5.448
   5.649
   5.292
   5.769
   5.628
   5.224
   5.662
   5.639
   5.439
   5.764
   5.209
   5.119
   5.216
   5.785
   5.373
   5.854
   5.365
   5.043
   5.635
    5.95
   5.801
    5.48
   5.956
   5.915
   5.389
   5.153
    5.21
   5.593
   5.376
   5.179
   5.628
   5.105
   5.832
   5.668
   5.229
   5.785
   5.087
   5.661
   5.263
   5.116
   5.169
   5.068
   5.646
   5.671
    5.24
   5.607
   5.394
   5.045
   5.034
    5.74
   5.069
     5.8
   5.295
   5.608
   5.207
   5.396
   5.214
   5.975
   5.763
    5.13
   5.868
   5.159
   5.545
   5.077
   5.654
   5.973
    5.65
   5.023
   5.732
   5.661
   5.907
   5.405
   5.456
   5.838
   5.308
   5.248
   5.817
   5.423
    5.45
   5.102
   5.877
   5.582
    5.97
   5.981
   5.208
   5.659
   5.985
   5.297
    5.33
   5.122
   5.527
   5.802
   5.147
    5.49
   5.981
   5.524
   5.385
   5.282
   5.524
   5.701
   5.031
   5.943
   5.562
   5.723
   5.768
   5.791
   5.165
    5.07
   5.415
    5.95
   5.509
   5.244
   5.362
   5.287
   5.309
    5.71
    5.01
   5.352
   5.259
   5.837
   5.205
   5.312
    5.47
   5.829
   5.681
   5.893
   5.905
   5.664
   5.492
   5.314
    5.82
   5.037
   5.452
   5.226
   5.197
   5.291
   5.574
   5.648
   5.187
   5.356
   5.503
   5.908
   5.541
   5.688
   5.958
   5.576
   5.054
   5.209
   5.168
   5.404
   5.998
   5.236
   5.308
   5.265
   5.561
   5.428
    5.94
   5.085
   5.286
   5.718
   5.444
   5.788
   5.506
   5.252
   5.465
   5.228
   5.781
   5.325
   5.342
   5.126
    5.34
   5.323
   5.549
   5.014
   5.513
   5.655
   5.134
   5.166
   5.173
   5.694
   5.153
   5.535
   5.169
   5.711
   5.109
   5.698
   5.769
   5.819
   5.391
   5.786
   5.093
   5.903
   5.711
   5.423
   5.551
   5.562
   5.538
   5.668
   5.283
   5.046
   5.542
   5.945
   5.595
   5.192
   5.023
   5.989
   5.396
   5.363
   5.358
   5.776
   5.635
   5.384
   5.431
   5.464
   5.743
   5.482
   5.075
   5.332
   5.063
    5.22
   5.504
   5.714
   5.293
   5.438
    5.76
   5.938
   5.923
   5.188
    5.14
   5.264
   5.671
   5.672
   5.641
   5.823
   5.919
   5.181
   5.393
    5.55
   5.156
    5.03
     5.1
   5.124
    5.41
     5.5
   5.474
   5.909
   5.687
   5.767
   5.675
   5.884
   5.411
   5.851
   5.748
   5.587
   5.857
   5.542
