 0.07055
  0.0139
 0.005365
 0.005493
 0.03476
 0.03717
 0.01479
 0.01204
 0.003307
 0.007791
 0.01688
 0.01563
 0.01093
 0.01314
 0.004844
 0.003303
 0.002176
 0.004545
 0.009309
 0.004151
 0.01045
 0.003505
 0.005747
 0.01447
 0.02277
 0.01318
 0.005329
 0.01342
 0.00544
 0.008741
 0.00162
 0.01111
  0.0118
  0.0109
 0.03701
 0.005889
 0.05744
 0.01351
 0.003468
 0.0008971
 0.01214
 0.00158
 0.001027
 0.01402
 0.003374
 0.03228
 0.00275
 0.02997
 0.01018
 0.006473
  0.0214
 0.02401
 0.002495
 0.008359
  0.0202
 0.01638
 0.01569
 0.03483
 0.02788
 0.01793
 0.01923
 0.001083
  0.0149
 0.01628
 0.03019
 0.007215
 0.009542
 0.007325
 0.003483
 0.01871
 0.02078
 0.007372
 0.01603
 0.003069
 0.02447
 0.00641
 0.02129
 0.02455
 0.000289
 0.02128
  0.0654
 0.01674
 0.001032
 0.007053
 0.03092
 0.02859
 0.01718
 0.03969
   0.017
 0.02886
 0.02201
 0.01433
 0.02523
 0.001729
 0.01893
 0.01192
 0.02537
  0.0214
 0.003117
 0.01109
 0.006126
 0.02566
 0.008476
 0.008814
 0.005078
 0.001973
 0.05874
 0.03907
 0.02984
  0.0275
 0.002668
  0.0338
 0.01294
 0.01974
 0.02556
  0.1391
 0.006423
 0.07264
 0.008481
 0.01103
 0.01593
 0.03846
 0.006217
 0.006729
 0.007299
 0.0003362
 0.01783
 0.003152
 0.001748
 0.001611
 0.008946
 0.02096
 0.001503
 0.009159
 0.01342
 0.004765
 0.004899
 0.01087
 0.07822
 0.007255
 0.006366
 0.01177
 0.02805
 0.006458
 0.03265
 0.0003041
 0.001768
  0.0279
 0.007664
 0.01097
 0.004884
 0.007387
 0.006222
 0.01809
 0.03146
 0.05406
 0.003492
 0.008229
 0.02709
 0.01891
 0.01642
 0.0004925
 0.009029
 0.0009572
 0.007136
 0.001825
 0.009747
 0.04174
 0.007715
 0.02427
 0.001911
 0.01985
 0.05068
 0.00824
 0.005313
 0.001684
 0.02318
 0.003623
 0.00734
 0.02339
 0.02439
  0.0253
 0.01177
 0.01454
 0.01264
 0.01598
 0.01602
 0.01223
 0.001182
 0.02008
 0.008603
 0.08773
 0.001177
 0.0009633
 0.01067
  0.0154
  0.0304
 0.008573
 0.007301
 0.009991
 0.008012
 0.01229
 0.01575
 0.04753
 0.01303
 0.06782
  0.0302
 0.004904
 0.05731
 0.02152
 0.02629
 0.03385
 0.005641
 0.009421
 0.008813
 0.002834
 0.0001963
 0.005828
 0.03609
 0.06806
 0.02672
 0.01127
 0.02259
 0.00424
 0.005426
 0.02111
  0.0321
 0.006354
 0.007069
 0.02744
 0.01444
  0.0328
 0.0009772
 0.005146
 0.02287
 0.002753
 0.02973
 0.03249
 0.02465
 0.02747
 0.006852
 0.001847
 0.02013
 0.00356
 0.02201
 0.05265
 0.004926
 0.002676
 0.01575
 0.00466
 0.04882
 0.01001
 0.001779
 0.005833
 0.00126
 0.007436
 0.06754
 0.01172
 0.03178
 0.005084
 0.01816
 0.03265
 0.007942
 0.003353
 0.004147
 0.01359
 0.02798
 0.00743
  0.0164
 0.01174
 0.007336
 0.02522
 0.01572
 0.04273
 0.007286
 0.02507
 0.03259
 0.04141
 0.00685
 0.01489
 0.0002564
 0.06678
 0.001415
 0.03796
 0.02889
 0.01817
  0.0224
 0.00947
 0.08341
 0.05247
 0.02288
 0.01082
 0.01359
 0.001407
 0.0005434
 0.01072
 0.01658
 0.03731
 0.001388
 0.01441
 0.01978
 0.01037
 0.03539
 0.003654
  0.0139
 0.01941
 0.0005156
 0.01644
 0.01045
 0.02903
 0.04172
 0.01091
 0.001422
 0.000903
 0.01516
 0.008077
 0.02023
 0.001466
 0.04995
 0.01086
 0.001557
 0.01739
 0.02774
  0.0536
 0.02806
 0.00046
 0.03373
 0.02224
 0.0004909
 0.02983
 0.03432
 0.03009
 0.02861
 0.005022
 0.01661
 0.001927
 0.06059
 0.03973
 0.000686
 0.02505
 0.006439
 0.003626
 0.005779
 0.03331
 0.01443
 0.07001
 0.02176
 0.04298
 0.01254
 0.002503
 0.0003974
 0.01252
 0.0006754
 0.0006933
 0.006655
 0.02601
 0.003927
 0.004428
 0.001814
 0.07519
 0.005268
 0.03654
 0.009401
 0.002982
 0.02613
 0.009951
 0.03369
 0.01384
 0.01841
 0.00243
 0.01844
 0.004966
 0.003959
 0.01525
 0.02269
 0.02556
 0.004633
 0.006371
 0.02503
 0.01426
 0.001163
 0.007039
 0.005018
 0.01582
 0.01788
  0.0231
 0.01513
 0.04895
 0.01347
 0.003753
 0.001006
 0.006407
 0.001317
 0.01568
 0.0004144
 0.01648
 0.007995
 0.01303
 0.03669
  0.0134
 0.007771
 0.04112
 0.002457
 0.001863
 0.04354
 0.01261
 0.01285
 0.004799
 0.03798
 0.01388
 3.376e-005
 0.006772
 0.002583
 0.003871
 0.03929
 0.02394
 0.01882
 0.004357
 0.03394
 0.01193
 0.01509
 0.01122
 8.15e-005
 0.02105
 0.005263
 0.01181
 0.06645
 0.003822
 0.007886
 0.000884
 0.05628
 0.00185
 0.03731
 0.02416
 0.02645
 0.007806
 0.004563
 0.01278
 0.04999
 0.006385
 0.006171
 0.004713
 0.02337
 0.004848
  0.0124
 0.005607
 0.004807
 0.07748
 0.03709
 0.0007592
 0.01004
 0.01079
 0.001895
 0.01556
 0.004601
 0.003745
 0.01589
 0.001895
 0.01423
 0.05531
 0.01379
 0.01425
 0.008702
 0.005935
 0.09344
 0.003611
  0.0348
 0.0007149
 0.04479
 0.002276
 0.005832
 0.07755
 0.004994
 0.04232
 0.004411
 0.007632
 0.05086
 0.001504
 0.01493
 0.008105
 0.001561
 0.02354
 0.01595
  0.0358
 0.04145
 0.001227
 6.811e-005
 0.03092
 0.03438
 0.06028
 0.0004378
 0.04522
 0.02064
 0.01441
 0.01031
 0.002122
 0.01201
 0.02518
  0.0195
 0.003668
 0.02649
 0.03554
 0.02992
 0.007048
 0.01301
 0.001783
 0.02478
 0.02018
 0.004908
 0.003113
 0.003158
 0.04171
 0.001098
 0.03061
   0.017
 0.02505
 0.02513
 0.01074
 0.01708
 0.01752
 0.03179
 0.01684
 0.02047
 0.002302
 0.01549
 0.01597
 0.009036
 0.01716
 0.002732
 0.08417
  0.0115
 0.03109
 0.01509
 0.005703
 0.03091
 0.00767
 0.04004
 0.007121
  0.0166
 0.005291
 0.003471
 0.0006989
 0.006469
 0.01792
 0.01565
 0.03224
 0.02716
 0.002926
 0.01041
 0.005604
 0.007539
 0.01761
 0.006425
 0.01492
 0.02915
 0.01581
 5.813e-005
 0.003836
 0.01397
 0.03166
 0.02359
 0.009726
 0.01505
 0.07816
 0.00172
 0.03802
 0.01593
 0.001634
 0.002993
 0.002678
 0.001204
 0.002233
 0.01357
 0.005072
 0.005698
 0.01578
 0.01027
 0.006641
 0.008365
 0.001636
 0.02427
 0.0009172
 0.01136
 0.03505
 0.0008737
 0.008086
 0.01992
 0.007719
 0.02382
 0.03968
 0.00303
 0.02717
 0.0008111
 0.01523
 0.00467
 0.02182
 0.002251
 0.004383
 0.009004
 0.01516
 0.001493
 0.001056
 0.009458
 0.006155
 0.001655
 0.006829
 0.007728
 0.02822
 0.009174
 0.02673
 0.01996
 0.01612
 0.01036
 0.007027
 0.005773
 0.007809
  0.0338
 0.01369
 0.01494
 0.01045
  0.0147
 0.004373
 0.01307
 0.01248
 0.03474
 0.07385
  0.0239
 0.000169
 0.01008
 0.03007
 0.01316
 0.03213
 0.01077
 0.01703
 0.04614
 0.02962
 0.01759
 0.02714
 0.03056
 0.006043
 0.00533
 0.02576
 0.05731
 0.02172
 0.006746
 0.01758
 0.0007669
 0.00274
 0.01196
 0.01688
 0.02619
 0.04025
 0.005326
 0.02158
 0.04352
 0.0004603
 0.05435
 0.003579
 0.008356
 0.04777
 0.02988
 0.00404
 0.005089
 0.04222
 0.0009774
 0.007477
 0.03885
 0.02169
  0.0469
 0.003306
 0.05694
 0.00182
 0.02766
 0.02912
 0.01293
 0.01054
 0.002845
 0.01183
 0.000905
 0.005253
 0.02444
 0.002348
  0.0147
 0.02391
 0.01674
 0.03719
 0.01719
 0.008546
 0.00211
 0.02138
 0.009702
 0.01244
 0.0007692
 0.04364
 0.03468
 0.03039
 0.01942
 0.02633
 0.01542
 5.698e-005
 0.02648
 0.0002178
 0.0009281
 0.005249
 0.02637
 0.01001
 0.01732
 0.03417
 0.02271
 0.01005
 0.01548
 0.02294
 0.009205
 0.01646
 0.004512
 5.319e-005
 0.008944
 0.005632
 0.04437
 0.01631
 0.002194
 0.001186
 0.003017
 0.02491
 0.04152
  0.0116
 0.01769
 0.01639
 0.001161
 0.01013
 0.005896
 0.02413
 0.05147
 0.03294
 0.00843
 0.02802
 0.08469
 0.003321
 0.01458
 0.05527
 0.02992
     0.1
 0.04379
 0.01544
 0.004924
 0.01548
 0.0006774
 0.02283
 0.008995
 0.009663
 0.001678
 0.02225
 0.02448
 0.02983
  0.0356
 0.02235
 0.00341
 0.00996
 0.03335
 0.006027
 0.0006295
 0.03496
 0.005779
 0.05286
 0.004477
 0.003757
 0.004367
 0.02401
 0.00462
 0.01454
 0.01672
 0.02736
 0.004165
 0.02228
 0.007245
 0.03419
 0.0007568
 0.01578
 0.005969
 0.04624
 0.008969
 0.03374
 0.009675
 0.02489
 0.02739
  0.0114
 0.03117
 0.009679
 0.01815
 0.006208
 0.02772
 0.04226
 0.007948
 0.01549
 0.03333
 0.01904
 0.008757
 0.01578
 0.03434
 0.00246
 0.005446
 0.002334
 0.0009457
 0.008289
 0.02073
 0.002108
 0.002277
 0.01532
 0.01573
 0.003003
 0.005026
 0.01846
 0.003385
 0.001776
 0.003627
 0.02467
 0.0002026
  0.0153
 0.006928
 0.04053
 0.00142
 0.01669
 0.02393
 0.01206
 0.03042
 0.002438
 0.005598
 0.04019
  0.0045
 0.01483
   0.015
 0.08429
 0.03745
 0.009043
 0.003338
 0.02463
 0.0005442
 0.02293
 0.01441
 0.02707
 0.01897
 0.03013
 0.004028
 0.04316
 0.01276
 0.02071
 0.01966
 0.02368
 0.004172
 0.01897
 0.01793
 0.003542
 0.005621
 0.04112
 0.06701
 0.001345
 0.00381
 0.000601
 0.03153
  0.0213
 0.01268
 0.01891
 0.01832
 0.007907
 0.03415
 0.04356
 0.005038
 0.05203
 0.0003458
 0.001478
  0.0444
 0.01226
 0.0005283
 0.001852
 0.01021
 0.02518
 0.00375
 0.003022
 0.002914
 0.02405
 0.003045
 0.004883
 0.000776
 0.006356
 1.925e-006
 0.02167
 0.02742
 0.02044
 0.005449
 0.03139
  0.0293
 0.001736
 0.00047
 0.008689
 0.007823
 0.005375
 0.06224
 0.003986
 0.01461
 0.09519
 0.01021
  0.0222
 0.01203
 0.02522
 0.01207
 0.01374
 0.004591
 0.004225
 0.08373
 0.0006069
 0.04386
 0.02844
 0.01813
 0.03532
 0.03162
 0.006031
 0.0008771
 0.01414
 0.01047
 0.007686
 0.02982
 0.0007736
 0.01175
 0.002162
 0.01452
 0.006154
  0.0809
 0.02331
 0.0001728
 0.02791
 0.008848
 0.04693
 0.001108
 0.002913
 0.01447
 0.01595
 0.03081
 0.01931
 0.03477
 0.006536
 0.02126
 0.03399
 0.004897
 0.04899
 0.01012
 0.0009686
 0.005784
 0.003382
 0.003868
 0.05921
 0.004782
 0.002042
 0.01726
 0.004181
 0.002645
 0.02804
 0.03808
  0.0417
 0.03125
 0.02837
 0.02507
 0.004326
 0.0004121
 0.02662
 0.02004
 0.04694
 0.008916
 0.0005585
 0.02895
 4.005e-005
 0.01674
 0.001383
 0.001604
 0.002685
 0.009378
 0.003727
 0.006954
 0.007526
 0.01949
 0.07979
 0.004479
 0.01183
 0.01034
 0.07869
 0.01126
 0.03484
   0.001
 0.003069
 0.02719
 0.02487
 0.002839
  0.0121
 0.07478
 9.813e-005
  0.0238
 0.01497
 0.001097
 0.01527
 0.005989
 0.002041
 0.004295
