   111.8
   108.5
   144.6
   396.8
   348.2
   441.4
   331.9
     320
   104.1
   460.4
   415.2
   140.1
     163
   147.6
     261
   206.9
   168.4
   163.9
   483.5
   336.2
     199
   424.1
   419.7
   385.5
   343.6
   271.9
   104.2
   428.5
   276.3
     255
     244
   130.5
   431.1
   299.9
     194
   123.2
   377.4
   287.1
   331.9
   179.4
   394.7
   225.8
   432.7
   188.7
   247.6
   429.4
   444.2
   331.9
   360.8
     490
     462
   456.2
   194.4
   253.7
   304.2
   250.3
   218.3
   395.4
   286.6
   219.2
   287.9
   194.1
   397.6
   259.4
   418.5
   107.6
   273.4
   233.8
   360.8
   347.4
   372.7
   146.5
   375.4
   254.3
     352
   318.4
   408.2
   472.7
   240.2
   361.5
   465.2
   326.1
   414.2
   154.2
   187.6
   391.7
   373.3
   416.6
   426.8
   275.8
   314.6
   484.8
   419.3
   388.6
   307.8
   486.6
   161.7
     119
   270.3
   316.1
   385.8
     410
   341.9
   208.8
   133.7
   333.5
   460.6
   116.7
   332.3
   465.1
   336.4
   283.1
     169
   259.7
   227.5
   217.7
   266.3
   225.7
   114.5
   471.7
   256.7
   100.6
   475.7
   412.7
     358
   225.8
     262
   399.5
   148.1
   121.6
     472
   357.6
     140
   262.2
     127
   353.8
     157
   250.7
     246
   371.1
   107.4
   194.1
   220.4
   484.3
   359.8
   478.3
   189.6
   234.2
   117.9
   343.1
   215.4
   403.3
   195.4
   457.3
   257.3
   390.5
   191.5
   293.4
   147.6
   385.8
   465.2
   303.1
   366.2
   345.9
   110.9
   491.7
   415.5
   168.9
     133
   193.7
   395.7
   269.1
   221.1
   247.2
   179.6
   152.5
   325.1
   369.4
   187.8
   191.2
   229.9
   131.5
   163.3
   198.9
   330.5
   333.3
     347
   405.6
   407.2
   378.8
   252.3
   432.8
   400.5
   450.8
   240.3
   268.4
   385.8
   485.9
   294.8
   441.7
     149
   349.7
   397.2
   198.2
   360.8
   411.8
   101.6
   475.2
   152.3
   120.6
   109.7
   476.1
   289.7
   178.3
   245.9
   245.8
   349.4
   316.2
   232.2
   445.6
   292.8
   269.5
   463.4
   128.1
   441.5
   352.2
   381.9
   112.7
   252.5
   432.2
   452.5
   359.6
   292.6
   106.4
     138
     146
     214
   475.5
   273.8
     240
     329
   319.2
   242.8
   276.5
     385
   271.1
   350.6
   131.6
   339.6
   193.6
   200.5
   497.9
   335.6
   153.1
   268.6
   259.3
   275.8
   194.9
   278.3
   266.1
   198.3
   118.3
   376.1
   310.2
   251.3
   451.2
   305.7
   499.8
   268.3
   225.8
   183.8
   234.3
   142.7
   352.8
   474.5
   379.9
   203.2
   197.3
   364.9
   243.9
   388.7
   152.8
   139.4
   150.1
   223.1
     217
   355.2
   413.7
   390.7
   166.4
   217.3
   316.3
   310.7
   131.5
     353
     281
   112.6
   371.7
   387.6
   447.2
     211
   250.1
   118.9
   445.7
   480.8
     409
   292.5
   373.8
   231.8
   144.4
   176.3
   170.1
   184.1
   381.3
   336.3
   189.6
     443
   248.6
   210.9
   178.9
   473.9
   454.1
   486.1
   250.7
   277.3
   259.4
   270.8
   259.5
     364
   455.2
   271.4
   375.7
   129.8
     336
   366.9
   461.6
   230.9
   275.2
   384.1
   245.6
   158.2
     300
   472.4
   297.7
   213.3
   266.8
   278.8
     204
   282.6
   435.7
     123
   342.4
   212.7
   445.6
   172.4
   456.9
   185.5
   289.6
     417
   233.1
     293
   489.5
   244.4
   272.9
   112.2
     271
   415.1
   269.6
   280.4
   138.8
   236.9
     383
   470.1
   451.6
   340.5
   214.2
   163.9
   396.7
   254.3
   180.7
   229.5
   165.5
   379.1
   491.7
   494.8
   328.3
   363.6
   122.3
   122.9
   409.4
     279
   189.4
     387
   261.8
   194.3
   126.1
   245.5
   242.6
     151
   257.1
   316.9
   187.5
   138.4
   373.3
   454.9
   386.6
   468.3
   307.1
   123.3
   158.4
   150.4
   107.3
   371.2
   425.7
   466.7
   214.2
   207.6
   289.9
   147.2
   434.4
     177
   406.5
   144.4
   115.8
   333.7
   359.8
   408.5
   322.9
   217.4
   438.2
   262.2
   411.6
   427.9
   208.7
     376
     204
   200.1
   292.5
   343.2
   163.9
   179.1
   139.5
   254.5
   371.3
   395.1
   203.6
   273.3
   297.6
   238.6
   117.6
   210.8
   180.7
   435.2
   468.2
   300.7
   399.9
   220.4
     171
   374.4
   450.9
   115.3
   245.4
   236.1
   320.7
   300.8
   389.9
   437.4
   262.8
   193.2
   356.9
   252.7
   172.2
   418.7
   127.5
   454.2
   160.1
   388.8
   486.9
   486.4
   329.3
   275.4
   399.1
   441.8
   148.8
     185
   382.1
   235.3
   229.2
   134.7
   282.7
   379.7
   497.4
   426.7
   251.7
   360.2
   371.8
   423.2
   118.7
   209.9
   137.1
   121.6
   367.3
   484.4
   319.4
   129.6
   309.9
   236.9
   261.3
   439.9
   263.1
   193.5
   296.7
   405.3
   121.9
   327.7
   326.1
     314
   335.8
   235.9
   391.1
   164.2
   482.6
   311.8
   450.1
   439.2
   244.5
   122.2
   152.4
   482.6
   382.4
   381.1
   214.3
     473
     111
   125.7
   192.9
   199.4
   474.2
   290.2
   262.3
   235.6
   119.5
   482.1
   187.4
   315.9
   273.5
   156.1
   300.1
   109.6
   116.6
   189.7
   473.2
   396.2
   158.1
   458.2
   296.3
   240.1
   411.4
   209.3
   450.1
   166.4
   168.6
   438.5
     482
   134.8
   175.8
     264
   180.5
   315.5
   407.9
   101.6
   150.6
   263.7
   243.8
   439.7
     389
   494.8
   241.3
   214.4
   458.3
   459.4
   312.1
   384.5
     463
   118.2
   296.8
   306.4
   423.7
   317.2
   139.9
   109.2
   452.4
   362.2
   464.9
   269.6
   127.6
   394.5
     349
     387
   269.4
   165.4
   298.4
   358.5
   313.8
   211.5
   423.4
   353.8
   488.8
   229.4
   212.8
   390.1
   388.3
   250.9
   309.8
   307.6
     348
   217.9
   286.1
   143.9
   419.6
   357.7
   417.5
   109.3
   146.7
   357.4
   258.6
   161.9
   338.8
   139.6
   418.1
   382.2
   447.2
   236.7
   333.3
   148.5
   339.4
   166.6
   445.8
   111.8
   474.4
   407.2
   375.7
   170.8
   477.5
   371.5
   297.2
   246.6
   115.6
   382.7
   313.5
   258.2
   271.7
   449.2
   231.6
   497.2
   320.5
   239.6
   137.4
   402.8
   302.9
   257.5
   170.7
   136.9
   301.5
   216.8
   300.2
     159
   214.8
   216.5
   498.5
   401.4
   333.3
   315.7
   117.3
   243.9
   313.5
   108.7
   461.8
     489
   153.3
     300
   166.6
   136.8
   367.3
   279.3
   169.8
   360.3
   161.3
   496.3
   288.7
   479.9
   407.6
   435.9
   194.2
   338.8
   219.6
   193.3
   386.4
   277.6
   327.6
   448.6
   369.1
     310
     453
   442.4
   425.1
   496.9
   283.6
   350.1
   191.2
   122.2
   448.8
   457.5
   432.8
   467.3
   294.1
   335.4
   419.6
   386.2
   456.7
   414.9
     500
   280.7
   240.1
   362.2
   276.2
   475.2
   189.2
   253.6
   379.4
   391.8
   265.3
   150.6
     245
     125
     421
   474.8
   286.7
   417.4
   375.5
   383.1
   472.7
   233.8
   189.4
   142.5
   499.7
     337
   439.5
     305
   368.5
   462.3
   394.2
     483
   158.8
   492.7
   188.2
   123.9
   204.1
   433.8
   197.7
   485.2
   466.9
     389
   415.2
   209.8
   313.7
   134.1
   224.8
   100.5
   289.6
   292.7
   176.6
   295.3
   293.9
   311.3
   162.7
   242.6
   154.6
   433.6
     391
   275.7
   203.9
   476.2
   361.2
   388.1
   252.6
   203.4
   239.3
   208.5
   165.5
     102
   232.6
   175.7
   436.3
   156.7
   365.1
   313.7
   362.7
   224.6
   251.8
   206.8
   221.2
   410.6
   474.5
   174.2
   242.3
   242.1
   356.1
   445.3
   385.3
   244.4
     136
   334.9
   113.4
   315.3
   345.2
   217.6
   168.9
   100.2
   380.8
   303.4
   347.8
   167.4
   281.5
   212.5
     475
   382.5
   102.3
     150
   179.5
   284.1
   489.7
   481.4
   269.1
   258.3
   456.6
   107.2
   105.4
   313.8
   357.2
   438.1
     179
   457.1
   462.2
   170.1
   284.5
   267.1
   333.8
   459.1
   495.2
   470.8
   200.3
   496.3
   138.5
   117.3
   331.7
   283.1
   370.6
   153.9
   414.3
     206
   351.7
   200.2
   125.8
   211.7
   220.7
   123.5
   110.4
   181.8
   470.7
   413.9
   153.5
   308.5
   123.4
     159
     157
   268.8
   104.6
   219.2
   314.4
     400
     219
   402.5
   485.3
   474.6
   125.2
   239.4
   370.9
   475.1
   310.7
   158.3
   488.7
   169.3
   266.7
   260.2
   347.8
   285.2
   263.6
   293.6
   223.4
   485.6
   325.7
   429.8
   132.4
     144
   405.9
   437.8
   407.9
   318.6
   161.3
   459.1
   274.5
   127.9
   327.9
   182.9
   423.2
   325.8
   495.4
   421.1
   386.5
     476
   482.5
   283.3
     313
   127.4
     112
   351.7
     343
   389.4
   185.3
   256.2
   383.2
   306.1
   257.9
   249.1
   281.5
     432
     414
   380.9
   402.4
   406.8
   242.1
   474.1
   201.7
   130.3
   209.2
   499.4
   401.7
   137.4
   236.5
   149.9
     366
   373.1
   273.8
   416.4
   274.6
   167.8
   475.1
   362.2
     499
   211.8
   173.2
   298.6
   177.2
   130.7
   454.7
   159.3
   188.3
   460.2
   335.3
   275.7
     128
   221.2
   134.5
     152
   483.4
   494.7
   450.6
   439.7
   408.1
   396.9
     336
   113.3
   296.9
   254.1
     272
     445
     361
   377.9
   343.6
   179.2
   403.3
   239.9
   414.9
   308.5
   392.9
   446.9
   303.8
   447.9
   240.2
   315.9
