  0.9383
   0.352
  0.8479
  0.6111
   1.123
  0.1563
  0.6818
  0.1041
 0.01689
  0.4358
  0.4251
  0.2933
  0.8184
   2.313
 0.07276
 0.05196
  0.4606
   0.209
  0.2528
 0.05986
  0.6476
  0.2145
  0.3616
  0.2098
  0.3043
 0.08277
   1.166
 0.05473
 0.05617
   1.076
  0.1735
    0.66
 0.04811
  0.1282
  0.8007
 0.08197
    2.26
    1.92
    1.84
  0.2777
  0.4578
  0.4805
   1.079
  0.2032
 0.006006
  0.9831
 0.08586
   1.281
  0.5452
  0.1278
 0.02889
 0.03868
  0.2602
   0.457
  0.3819
 0.03481
  0.4129
  0.7876
    0.18
 0.07461
    2.66
  0.0584
   1.101
 0.02429
  0.0908
   1.184
   0.611
  0.5059
  0.1107
 0.08234
 0.05441
  0.2513
   1.415
   2.698
  0.2914
 0.01085
 0.01442
  0.1972
 0.08025
   2.119
   1.459
  0.2037
  0.7598
 0.04776
 0.04742
 0.04073
 0.04818
 0.01953
  0.8972
 0.02107
  0.0459
    2.15
  0.4392
  0.5993
 0.04962
 0.06177
  0.9523
 0.04004
   0.854
  0.1068
  0.1812
  0.1926
  0.2643
 0.06735
  0.9109
  0.1417
  0.3729
  0.3855
  0.5054
   1.257
  0.2457
  0.1915
  0.1302
  0.1114
  0.9596
  0.1079
  0.4125
   0.191
  0.3168
  0.1692
 0.02673
  0.2798
  0.3888
  0.5672
  0.5332
 0.09889
  0.1051
   1.762
   1.316
   0.157
  0.2722
  0.9492
 0.04523
 0.006652
 0.09819
  0.5254
 0.03781
   1.166
  0.2703
   1.222
  0.4788
 0.09368
 0.08641
   1.519
   0.175
  0.2173
  0.4033
  0.2677
  0.4592
  0.9425
   1.475
  0.9315
    3.17
  0.3329
   1.423
   0.141
   2.305
 0.04426
  0.3043
  0.5131
 0.09822
 0.007633
    0.78
  0.5125
  0.1983
  0.7215
  0.5818
   3.631
  0.2775
  0.3414
  0.2544
 0.09913
  0.6931
  0.4739
  0.6757
   1.252
   1.296
  0.1957
 0.08932
  0.7661
   2.248
  0.1125
  0.8258
  0.6788
  0.3022
  0.6837
  0.4257
  0.6357
  0.2299
   1.454
   0.096
 0.08764
  0.2415
  0.9326
  0.1179
   0.454
  0.8248
 0.05414
  0.1241
  0.1141
  0.5679
  0.4036
   0.694
  0.2301
  0.8538
   0.746
  0.2695
  0.1426
   1.151
  0.5182
   1.667
  0.2027
  0.3537
   1.197
   0.202
 0.00611
  0.1111
   0.668
  0.6286
 0.07041
  0.4253
  0.1733
  0.4935
  0.4095
  0.1954
  0.1718
    1.63
  0.6887
   0.185
  0.4116
 0.02882
  0.1754
  0.4743
  0.4726
  0.7008
  0.3579
  0.4627
  0.1054
  0.3143
   1.803
 0.0006021
  0.9416
  0.1353
 0.04935
   1.381
  0.3475
  0.8074
  0.5764
 0.008428
   2.484
  0.5253
   0.359
  0.2421
  0.5368
 0.04986
   1.013
   0.759
   1.074
  0.1972
 0.06725
  0.4743
  0.5544
  0.3246
  0.1827
 0.004482
  0.1107
  0.5859
  0.5086
   1.086
   0.246
 0.09451
 0.06606
 0.005045
  0.3109
  0.1527
 0.05115
 0.03063
  0.3563
  0.3423
  0.7811
  0.5808
 0.02264
  0.5374
    1.12
  0.4371
  0.4252
  0.9787
 0.06322
  0.3844
 0.08347
  0.4386
  0.7179
  0.3462
   1.624
  0.7256
  0.1545
   0.523
  0.9374
  0.9188
  0.7606
  0.2962
   1.161
  0.8429
  0.6585
   0.615
 0.01103
  0.1956
  0.2344
  0.5335
  0.3137
  0.5981
  0.2244
   2.382
  0.2741
 0.01103
  0.1829
    1.51
  0.4194
  0.1117
  0.2096
  0.2322
  0.5021
 0.008794
   0.582
  0.6954
   1.684
  0.1126
  0.1156
  0.1878
 0.04544
  0.3336
   1.787
  0.0352
  0.1515
  0.5625
   0.883
   1.042
 0.02861
  0.6023
   1.566
  0.3544
   1.157
  0.5824
  0.2805
  0.6213
  0.5358
 0.01068
  0.7619
  0.1574
 0.09584
  0.2557
  0.4225
 0.03484
  0.9626
   1.189
    1.36
 0.08036
  0.1207
 0.03453
 0.08667
  0.7655
  0.2994
   1.202
  0.1378
  0.3777
    3.15
 0.01799
  0.2951
  0.1745
 0.05026
  0.5599
   1.039
  0.2521
  0.2127
  0.6893
 0.01255
  0.4942
  0.1658
   1.389
  0.2169
  0.1934
   1.289
  0.6745
  0.8978
  0.2596
  0.2127
  0.3825
    0.38
  0.3202
  0.1366
  0.5138
 0.08431
   0.921
  0.3164
  0.2476
  0.4831
  0.4769
  0.5157
 0.09678
  0.4757
  0.6858
  0.5591
  0.3726
 0.08761
 0.05381
  0.2027
 0.08661
 0.09873
  0.3694
  0.8773
 0.02726
 0.02418
    1.08
  0.2138
  0.3485
 0.08972
 0.09078
  0.5135
 0.09986
  0.3606
  0.3524
  0.4227
  0.1173
  0.1279
  0.1559
   0.559
  0.1182
 0.07489
 0.05436
  0.6521
  0.2378
  0.2264
 0.005964
  0.1924
  0.3847
  0.9337
  0.2613
  0.2493
   0.113
   1.287
 0.09671
   0.867
  0.5223
   1.147
  0.6787
   1.889
   1.689
  0.4489
 0.07047
  0.1586
 0.06824
   1.202
 0.01437
  0.6746
 0.02503
  0.2573
  0.9289
  0.4513
  0.5265
  0.8888
  0.7486
  0.7682
    1.29
  0.6514
    1.03
  0.4168
   2.246
   1.613
 0.04843
 0.02873
 0.08653
  0.1712
  0.2309
  0.8114
 0.002224
   1.397
   0.564
  0.2101
  0.2669
 0.08134
 0.04312
  0.7287
  0.5329
  0.6956
  0.8621
  0.1642
  0.2923
  0.6289
  0.2163
  0.7226
   2.508
  0.6479
  0.2686
  0.2103
 0.04951
  0.6681
 0.05798
   1.432
 0.08893
  0.3844
   1.399
  0.9628
  0.1857
  0.1846
   1.084
  0.1754
  0.2579
  0.1101
  0.3144
   1.886
 0.06753
   1.013
  0.8066
  0.5385
 0.02363
 0.03614
  0.5501
  0.6366
  0.5572
  0.1101
  0.4227
  0.6255
  0.3655
  0.9705
  0.8109
    1.37
 0.09315
  0.2743
  0.3507
   2.034
   0.208
  0.4645
  0.6521
  0.1921
   1.387
 0.005746
  0.3506
  0.8991
  0.0669
  0.6134
   1.128
  0.2639
  0.2433
  0.7528
 0.03472
  0.3267
  0.4346
   1.134
  0.2124
  0.4485
 0.008887
   1.056
  0.1667
   1.828
  0.3547
  0.1455
  0.6329
 0.04847
  0.2833
   0.843
  0.9085
   0.122
  0.8107
    0.11
  0.1386
   1.991
  0.1944
  0.2805
 0.003381
   1.493
   0.301
  0.3442
  0.6797
 0.09538
  0.3192
    1.21
  0.5437
  0.7125
  0.3888
  0.1522
  0.5102
   0.279
  0.7161
  0.7835
  0.1582
 0.03991
  0.1392
   1.458
   1.436
  0.2118
 0.08915
   1.458
   1.108
 0.09625
  0.8864
  0.2116
  0.1512
  0.2331
  0.6834
  0.4505
 0.09609
 0.09456
  0.5475
  0.4597
  0.7841
   0.802
    0.55
   0.177
  0.2306
 0.01512
  0.1157
  0.1111
  0.1994
  0.7085
  0.1016
   1.686
  0.1892
  0.4022
 0.00238
   1.716
  0.1506
  0.1279
  0.5156
  0.9382
  0.2952
  0.2471
  0.6103
  0.0411
  0.4176
 0.01215
  0.3345
  0.3839
  0.7794
  0.0174
 0.02355
 0.02514
  0.8624
  0.8494
  0.1455
   1.768
    1.72
  0.8628
  0.9845
  0.6696
  0.1087
  0.0601
  0.4183
  0.2841
  0.1092
   1.354
 0.03867
  0.2148
  0.2982
  0.1536
 0.08374
  0.3982
  0.1665
   0.249
  0.6156
  0.2813
     1.4
  0.3144
    0.89
  0.1691
  0.5002
 0.03434
    1.04
   1.029
  0.4773
  0.7125
  0.3556
   1.613
   0.137
  0.5501
  0.7643
   1.203
 0.01023
 0.01314
  0.1062
  0.1279
  0.5949
  0.6928
  0.6609
 0.06494
  0.1726
   2.499
   1.883
 0.04365
   0.102
  0.6246
 0.06434
  0.2815
  0.0879
  0.1321
 0.02944
   1.053
  0.3309
   0.805
  0.2847
 0.05378
   1.525
 0.08557
   0.633
  0.1768
   1.688
 0.05091
  0.1479
  0.6855
  0.4394
 0.01363
  0.2069
   0.234
   0.452
  0.3813
  0.1524
  0.1903
  0.4216
   1.432
  0.2493
  0.3287
   1.337
   1.078
  0.1269
 0.05867
 0.006782
  0.9535
  0.2957
  0.2086
 0.06752
  0.7275
 0.002134
   0.734
  0.4783
  0.3902
 0.08769
 0.007332
   1.314
  0.5136
  0.4109
   0.163
  0.5545
  0.5211
  0.1714
   1.199
  0.5627
  0.8455
    1.44
   1.675
 0.03285
   0.518
  0.5742
  0.7457
   0.181
  0.2868
  0.1781
  0.3488
  0.1623
  0.9686
  0.1646
   0.613
  0.2079
  0.3437
   1.008
   1.184
  0.2437
  0.2937
 0.06319
 0.07648
   1.185
  0.8981
   1.895
  0.3851
 0.02965
  0.2711
  0.1981
  0.9923
  0.6332
 0.06816
 0.02987
 0.05153
  0.4048
  0.4981
 0.06886
   2.574
 0.04388
   1.157
  0.4951
  0.5058
  0.6617
  0.7496
  0.9174
 0.002992
   1.188
  0.3701
  0.1803
  0.3921
 0.02238
   0.252
   1.031
  0.6205
  0.5755
  0.1142
  0.7763
  0.4039
  0.3758
   1.027
  0.6555
  0.1544
   0.351
 6.796e-005
   1.087
  0.6871
  0.8713
  0.2821
 0.00572
 0.09367
 0.02732
  0.8294
  0.3385
  0.3929
 0.08972
  0.0784
  0.2617
  0.1578
  0.4682
  0.2353
  0.4504
  0.6228
  0.2319
   1.316
  0.6095
  0.6991
 0.02053
  0.1669
  0.1604
  0.2237
  0.9972
  0.3863
  0.7608
 0.08105
  0.8447
   1.676
  0.6192
   1.434
   0.532
  0.4311
  0.4737
  0.2048
   2.442
  0.5905
 0.09378
  0.1487
  0.2154
  0.3391
  0.1526
  0.3793
   0.127
  0.4403
 0.01049
  0.2933
 0.08067
  0.4241
   1.126
  0.1778
  0.7084
   0.463
   0.631
   2.206
   0.933
    1.49
  0.7176
  0.3945
  0.2832
  0.4029
  0.8323
  0.6329
  0.8745
  0.4602
  0.1194
  0.3684
  0.5745
 0.04313
   1.471
  0.8212
 0.03751
  0.2153
   0.583
  0.8588
  0.3853
  0.5771
   1.002
  0.7338
  0.0864
   0.978
   0.646
    0.24
  0.4795
  0.5951
   0.253
  0.3146
  0.1463
  0.5052
   1.524
  0.3319
 0.07349
  0.1756
  0.3167
 0.05405
  0.0637
 0.01733
   0.049
  0.7088
   1.183
  0.3564
 0.05363
  0.1263
 0.05956
   0.143
   1.671
 0.09213
  0.1989
  0.1142
  0.2623
  0.6376
  0.1001
  0.1925
   0.324
 0.01513
  0.2547
 0.04764
  0.4534
  0.8839
   1.022
 0.06945
  0.5035
   3.472
  0.6181
  0.6456
   1.706
 0.06845
  0.1905
  0.2607
  0.3841
 0.03976
  0.2928
  0.3522
   1.237
  0.3871
  0.1447
  0.6368
  0.2334
   0.466
  0.2376
  0.5623
   1.337
   0.199
   3.265
  0.3327
   0.282
  0.1618
   1.086
   0.193
  0.4525
 0.05605
  0.3242
   1.631
 0.04701
 0.06326
   1.345
  0.2318
  0.4401
  0.8734
   0.111
  0.1436
  0.8631
  0.3555
 0.03919
  0.4599
  0.5552
  0.7676
  0.1577
  0.1752
  0.1084
 0.09058
  0.3162
  0.4958
  0.6277
  0.4889
  0.2481
   1.099
   1.017
 0.08268
  0.9786
   1.234
  0.5638
  0.1991
  0.9635
  0.5441
  0.4567
   1.043
  0.4407
