   17.12
   20.92
   22.06
    19.5
   17.41
   19.38
   14.52
    10.7
   24.73
   13.54
    9.06
   18.03
   14.42
   10.68
   24.35
   15.47
   12.22
   13.23
   12.97
   19.66
   13.28
   9.787
   20.38
   16.91
   13.15
    14.1
   23.96
   18.15
    22.8
   24.07
   12.02
   18.01
   19.58
   12.76
   14.73
   17.74
   10.26
    15.4
   23.21
   16.26
   14.04
   24.35
   20.45
   17.16
   13.49
   12.14
   12.37
   19.66
   17.61
   18.46
   10.79
   9.653
   12.79
   13.16
   16.44
   14.69
    9.83
   15.23
   17.95
   14.97
   10.95
   19.82
   22.85
   14.35
   24.76
   21.26
   24.59
   15.35
   17.29
      20
   17.53
   10.13
   22.96
   13.67
   11.91
   19.53
    15.6
   20.06
    16.9
   20.03
   19.47
   20.09
   23.57
   14.76
   12.21
   12.87
   19.89
   24.53
   19.86
   22.63
   21.76
   14.78
   19.89
   9.787
   23.95
   14.63
   20.18
    21.9
   15.15
   11.83
   9.976
   24.69
   24.98
   23.81
   22.98
   21.03
   10.94
   24.65
   24.26
   9.943
   17.43
   16.08
   21.31
   9.624
   14.79
   18.49
   15.04
   16.41
   10.23
   13.92
   14.74
   11.81
   14.89
   17.08
   21.13
   17.47
    10.8
   18.33
   9.319
    22.2
   13.91
   22.68
   23.83
   20.97
   9.074
    24.8
    17.6
   21.91
   13.04
   16.02
   10.95
   21.29
   9.481
   23.31
   10.63
   10.56
   11.96
   20.34
   24.79
    15.3
   14.95
   14.37
   13.98
   22.26
   24.84
   21.38
   18.16
   18.36
   10.91
   24.97
   11.69
   13.64
   16.37
    15.4
   14.35
   16.33
    13.3
   12.59
   10.32
   23.81
   13.72
   9.123
   11.18
    13.6
   20.54
    9.23
   22.93
   14.39
   10.57
    19.8
   12.96
   17.02
   13.56
   9.382
   21.07
   13.49
   15.11
   11.17
   14.47
   19.96
   19.79
   18.04
   14.79
   19.74
   18.02
   21.49
   17.04
   18.29
   17.16
   18.69
   20.65
   18.24
   24.47
   19.47
   12.46
   10.37
    14.1
   21.33
   13.71
   12.62
   22.14
   16.39
   15.04
   13.08
   17.55
   14.45
   23.51
      25
   13.21
   17.96
   13.58
   13.78
   16.92
   13.04
   22.12
   15.98
   14.37
   24.44
   19.39
   18.33
   16.15
   10.59
   20.08
    12.7
   24.79
   14.57
   18.28
   19.11
   17.68
   11.11
   18.46
   12.75
   10.15
    9.59
   18.54
   10.98
   22.42
   13.07
   24.81
   16.28
   14.63
   9.242
   18.98
   23.31
   13.81
   9.471
   21.17
   9.877
   16.92
   23.77
   24.91
   23.96
   21.78
   19.81
   12.12
   14.68
   10.18
   9.911
   16.13
   15.31
   10.76
   10.07
    24.7
   22.29
   18.11
   14.91
   10.95
   18.21
   23.68
   20.75
   12.46
   10.83
   14.87
   16.52
   18.17
   24.05
   21.97
   22.83
   15.46
   24.92
   21.16
   18.96
    21.1
   10.68
   13.55
   13.82
   16.26
   15.68
   24.15
      21
   9.532
   22.47
   20.86
   17.71
   19.91
   16.72
   9.511
   15.86
   11.78
   10.29
   16.83
   20.98
   21.96
   16.16
   9.436
   23.29
   14.65
    23.5
   20.88
   20.63
   24.47
   20.62
    22.6
   9.528
   11.45
   17.98
   18.95
   24.15
      20
   23.21
   14.18
   15.32
   17.97
   16.09
   11.46
   17.53
    23.6
   19.56
   11.86
   11.92
   24.53
    10.7
   13.36
   13.27
   24.82
   23.77
   9.823
   13.05
   11.93
   13.17
   22.05
   18.36
   19.72
   20.47
   16.74
   10.96
   15.46
   21.37
   17.48
   18.28
   10.85
   12.77
   23.79
    24.4
   12.95
   19.68
   10.08
   9.039
   23.27
   22.29
   20.66
    18.6
   20.69
   10.95
   24.77
   13.12
   24.53
    9.15
   11.53
   17.31
   13.49
   16.55
   20.98
   15.52
   20.69
   15.96
   15.07
   22.76
   20.65
   12.36
   20.65
   11.72
    24.3
   23.85
   16.47
   15.71
   13.97
   24.73
    12.2
   23.73
   22.42
   16.43
   15.41
    19.4
   19.77
   18.54
   14.57
   20.02
   24.59
   11.81
   10.06
   19.56
   22.84
   9.145
   13.18
   11.61
   14.89
   14.61
   13.11
   12.44
    14.5
   14.42
   23.96
   19.97
   15.85
   15.96
   19.73
   20.77
   24.54
   22.74
   13.34
    13.1
   24.54
   9.461
    23.6
   13.82
   9.265
   24.96
   10.25
   17.49
   12.51
   23.24
   16.91
    19.3
   11.49
   14.45
   10.13
   22.13
   21.82
   23.91
   22.34
   11.48
   16.51
   19.08
    22.9
   10.52
   21.01
   12.59
   13.06
   23.08
   16.14
   21.22
   24.98
   24.65
   17.15
    24.9
   24.75
   17.35
   24.68
   21.72
   23.32
      21
   23.78
   18.95
   11.59
   16.04
   14.93
   23.97
   23.34
   14.58
   12.97
   19.36
   22.27
   19.39
   14.19
   17.83
   12.97
   14.88
   11.27
   21.25
   23.95
   22.13
   24.28
   11.66
   10.64
   9.878
   19.73
   22.23
   14.33
   13.51
    21.5
   16.33
   17.27
   14.08
   13.91
   22.43
   21.59
   9.277
   20.65
    13.2
   16.31
   20.47
   23.86
   24.46
   24.39
   19.67
   11.04
   18.16
   21.68
   16.54
   22.13
   17.43
   15.93
   17.42
   20.47
   17.56
    13.8
   16.29
   19.79
   24.97
   19.87
   17.79
   19.24
   16.26
   19.61
   12.21
   18.39
   9.189
   10.41
    14.5
   16.17
   21.65
   16.54
   23.29
    9.97
   14.71
   24.21
   11.81
   10.55
   11.58
   12.52
   15.01
   9.101
   24.64
   16.47
   24.46
    24.2
   14.42
   13.97
   11.39
   20.83
   24.61
   20.85
   13.68
    21.4
   13.04
   9.835
    14.9
   24.72
   18.72
   21.55
   15.23
   20.98
   24.81
   19.53
   22.53
   22.81
   13.61
   17.23
   11.33
   16.23
   21.59
      13
   9.792
   23.67
   18.37
   21.08
   10.74
   22.96
   9.748
   22.66
   10.66
   10.35
   12.64
   12.78
    16.7
   15.48
   14.16
   15.44
   21.64
    20.4
   10.53
   18.51
   10.94
   22.58
   14.18
   20.78
   17.71
   17.88
   12.66
   14.95
   17.72
   15.58
   23.68
   18.61
   16.38
   21.35
   22.13
   9.272
   23.77
   20.27
   11.04
   19.35
   13.62
   23.85
   12.58
   23.16
   10.33
   20.97
   11.11
   15.93
   15.94
   24.94
   24.12
    12.8
   17.15
   24.47
   13.26
   15.79
   24.33
   14.68
   19.36
   12.86
   14.47
   12.09
   9.368
   24.86
   18.27
   21.62
   11.42
   24.53
   15.04
   19.62
   9.791
   15.55
   19.76
   16.82
   15.92
   15.49
   10.08
   9.376
    11.4
   22.81
    13.3
   9.833
   18.98
   15.91
   17.36
   14.16
   13.56
   16.06
    9.87
   16.71
   9.208
   22.47
    17.1
   9.266
   18.14
   11.24
   14.97
   12.01
    9.73
   14.36
   16.05
   24.51
   13.51
   22.77
   12.58
   24.78
   14.16
   17.26
   15.46
    16.2
   22.53
   15.57
   13.21
   10.58
   18.61
   23.34
   11.06
   11.13
   22.57
   17.09
   21.85
   11.47
   21.71
   23.28
   9.093
   10.61
     9.5
   21.26
   21.97
   11.99
   24.57
   22.27
   10.31
   22.44
   13.69
   20.49
   23.59
   19.21
    14.8
   23.98
   9.948
   12.94
   19.99
   21.72
   15.18
   14.68
   14.52
   14.59
   13.75
   18.89
   15.79
   14.38
   11.75
   18.45
   16.36
   10.79
   21.96
   19.62
   22.95
   18.41
   22.78
    9.08
   15.43
   11.75
   13.31
   16.92
   17.83
   20.22
   20.27
   19.62
   9.337
   15.15
   9.058
   19.09
    11.3
   20.75
   18.71
   9.631
   14.21
   17.17
   24.94
   24.95
   16.73
   19.43
   11.09
   9.163
   16.66
   12.49
   23.19
   23.79
   17.98
   14.19
    16.9
   22.77
   21.81
    10.3
   24.56
   11.43
   17.43
   17.46
   18.14
   13.51
   21.28
   18.26
   12.29
   22.16
   19.94
   24.17
    23.3
   14.94
   9.172
   10.57
   12.12
    16.8
   16.88
   11.74
   19.36
    19.1
   14.12
   23.89
   12.29
   10.64
   18.11
   20.11
   19.83
   24.57
   19.22
   13.42
   11.55
   9.485
      20
   23.71
   16.69
   20.38
   10.12
   12.82
   19.14
    9.65
   21.42
   11.47
   12.44
    18.1
   22.91
   22.29
   22.79
   13.93
   23.74
   18.81
   20.06
   19.77
   16.22
   24.49
   20.76
   15.64
   14.82
   15.67
   15.06
   17.97
   15.16
   16.61
   21.78
   14.58
   17.03
   18.47
   15.42
   11.73
   15.36
   10.33
    13.1
   17.05
   23.24
   10.15
   17.63
   22.61
   14.92
   15.83
   24.46
   19.86
   12.81
   20.14
    12.7
   14.67
   14.47
   9.784
    16.1
   10.32
   15.62
   12.36
    18.1
   22.47
   17.12
   15.38
   22.76
   14.22
   16.02
   13.25
   13.83
   23.05
    12.5
   22.29
   9.691
   15.87
   16.89
   15.72
   22.39
   15.98
   24.71
   18.69
   16.63
   22.08
    23.6
   11.23
   12.76
    23.3
   16.38
   23.28
   13.81
   14.16
   12.01
   21.69
   12.44
   9.575
   16.61
   21.21
   13.99
    11.9
   24.48
   19.53
   11.42
   9.856
    9.04
   12.19
    24.4
   9.606
   9.888
   23.68
    10.2
    17.7
   11.77
   10.38
   14.78
   24.09
    15.6
   19.58
   19.76
   17.16
   13.43
   12.47
   13.39
   14.66
   11.48
   23.15
   13.59
   14.79
   21.13
   13.63
   10.95
   11.11
    17.9
   16.82
    23.7
   23.64
   12.48
   23.54
   24.72
   17.76
    9.72
   13.52
   12.57
   15.27
   15.61
   18.39
   18.43
   13.39
   12.31
   24.68
   17.19
   15.74
   13.13
   20.85
   14.34
   15.33
   21.54
   12.24
   21.05
   9.598
   22.17
   20.11
   13.16
   15.37
   19.78
   16.62
   18.16
    19.9
   14.32
   19.84
   10.17
   11.82
   23.89
   12.74
   12.99
    12.2
   11.73
   22.22
   11.08
   9.488
   21.24
   22.05
   20.55
   22.55
   22.99
   11.94
   16.15
   19.67
   17.69
   16.47
   18.32
   13.51
