 0.001697
 0.008571
 0.002087
  0.0123
 0.02511
 0.02377
  0.0096
 0.005869
 0.009851
 0.009492
 0.006042
 0.007389
 0.002536
 0.01055
 0.0008112
    0.03
 0.02272
 0.00403
 0.002238
 0.003476
 0.001275
 0.03516
 0.003742
 0.02438
 0.03709
 0.00191
 0.003481
 0.008473
 0.000468
 0.01238
 0.006353
 0.04082
 0.008001
 0.006495
 0.003799
 0.02179
 0.0007847
 0.02636
 0.03845
 0.009093
 0.00611
 0.04236
 0.06081
 0.005043
 0.02394
  0.0411
 0.01313
 0.02642
 0.007184
 0.02648
 0.008166
 0.008773
 0.008996
 0.05172
 0.05041
 0.03549
 0.02599
 0.01972
 0.009684
 0.04921
 0.02953
 0.02913
 0.03742
 0.03324
 0.01148
 0.003791
 0.004058
 0.06611
 0.009049
 0.005782
 0.005004
 0.005417
 0.04766
 0.02284
 0.03592
 0.05449
 0.003705
  0.0522
 0.0003661
  0.1472
 0.00325
 0.01541
 0.02104
 0.01935
 0.02446
 0.004952
 0.004543
 0.004565
 0.03219
 0.03728
 0.001492
 0.006079
 0.00687
 0.01114
 0.00143
 0.01398
 0.004317
 0.01408
 0.009452
 0.005845
  0.0196
 0.02553
 0.02646
  0.0376
 0.002389
 0.009869
 0.006507
 0.01109
 0.00424
 0.002208
 0.02224
 0.01038
 0.0001013
 0.00313
 0.008385
 0.0009707
 0.04028
 0.006425
 0.00706
 0.03456
 0.03356
 0.004362
 0.008245
 0.01181
 0.006603
 0.0008147
 0.002839
  0.0011
 0.007099
 0.05649
 0.002563
 0.02084
 0.01712
 0.02697
 0.02632
 0.006087
 0.01784
 0.01337
 0.01403
 0.03464
 0.01612
 0.04978
 0.08241
 0.004494
 0.01565
 0.0004271
 0.02008
 0.01272
 0.01592
 0.01863
 0.01341
 0.02838
 0.01544
 0.004508
 0.01731
 0.01472
 0.01437
 0.0004651
 0.008534
 0.007646
 0.01696
 0.04003
 0.01587
 0.005209
 0.0009599
 0.03501
 0.01269
 0.01294
 0.006065
 0.01497
 0.03979
 0.00281
 0.003208
 0.05633
 0.0009505
 0.006879
 0.02542
 0.01954
 0.04175
 0.00307
 0.01854
 0.03184
 0.002661
 0.001867
 0.03204
 0.009763
 0.002451
 0.01415
 0.03481
   0.054
 0.001821
 0.01233
 0.03654
 0.04674
 0.002584
  0.0745
 0.02003
 0.01291
 0.005884
 0.01663
 0.03167
 0.001855
 0.01581
 0.00727
  0.0179
 0.01999
 0.003913
 0.02716
 0.005982
 0.02069
 0.006513
 0.06575
 0.03266
 0.008051
 0.008493
 0.02365
 0.008295
 0.008099
 0.00241
 0.01142
 4.124e-005
 0.007957
 0.01267
  0.0136
 0.03418
  0.0145
 4.759e-005
 0.03812
 0.007697
 0.006503
 0.00753
 0.01568
 0.001402
 0.01559
 0.06234
 0.01177
 0.03311
 0.01941
 0.02226
 0.01821
 0.04909
 0.01581
 0.003784
 7.044e-005
 0.05332
 0.02676
 0.01517
 0.02835
 0.0001226
 0.01482
 0.04289
 0.008217
 0.02155
 0.02849
 0.07031
 0.01167
 0.007733
 0.007802
 0.01049
 0.0007033
 0.03069
 0.02345
 0.0003366
 0.01179
 0.02418
 0.01721
 0.005149
 0.01727
 0.01375
  0.0103
 0.04332
 0.05211
 0.01142
 0.04434
  0.0298
 0.005142
 0.02285
 0.01663
 0.0004778
 0.006211
 0.01043
 0.01483
 0.02564
 0.00555
 0.03093
 0.02747
  0.0215
 0.008285
 0.003147
 0.03093
 0.02967
 0.009504
 0.03791
 0.007734
 0.01269
 0.007297
 0.01995
 0.02256
  0.0245
 0.02689
 0.01297
 0.01324
 0.0008717
 0.01992
 0.02224
 0.003478
 0.01149
 0.02705
 0.0002697
 0.008874
 0.05322
 0.005235
 0.01377
 0.04191
 0.0001546
 0.003902
 0.002373
 0.03505
 0.0008838
 0.004874
 0.0008872
 0.01229
 0.007708
 0.002233
 0.006333
 0.01999
 0.003768
 0.003385
 0.01775
 0.009414
 0.02461
 0.0001353
 0.01444
 0.01097
 0.008181
 0.04533
 0.009894
 0.04228
  0.0109
  0.0173
 0.01259
 0.01855
 0.01878
 0.02133
 0.001384
 0.001858
 0.03273
 0.003643
 0.007617
 0.01357
 0.004351
 0.002131
  0.0257
 0.04825
 0.007584
 0.002385
 0.03557
 0.005334
 0.005868
 0.0004316
 0.009067
 0.00471
 0.01329
 0.005588
 0.01028
 0.02629
 0.004356
 0.01923
 0.008795
 0.01785
 0.001094
 0.02924
 0.001588
 0.04816
 0.01048
 0.02029
 0.02562
 0.01873
 0.01658
 0.005404
 0.00682
 0.008018
 0.01323
 0.0003665
 0.003097
  0.0167
 0.001787
 0.01121
 0.007791
 0.01615
 0.00185
 0.03924
  0.0245
 0.02071
 0.008151
 0.01864
 0.05656
 0.0003041
  0.0316
  0.0879
 0.008647
 0.04615
 0.01209
 0.007826
 0.01029
 0.02326
  0.0156
 0.00474
 0.01065
 0.003155
 0.01531
 0.01097
  0.0283
 0.03544
 0.005746
 0.07409
 0.06121
 0.00235
 0.03167
 0.004468
 0.01419
 0.005441
 0.03844
 0.03296
  0.0112
 0.007594
 0.01373
 0.003875
 0.03403
 0.01856
 0.01264
 0.03509
 0.00404
 0.005512
 0.002444
 0.00647
 0.009485
 0.01682
 0.008038
 0.007901
 0.04234
 0.002109
 0.0009732
 0.03125
 0.01495
 0.01455
 0.02209
 0.0009123
 0.06832
 0.05386
 0.03896
 0.008269
 0.005149
 0.02457
 0.06007
 0.04341
 0.007419
 0.02217
  0.0074
 0.04024
 0.05529
 0.00604
 0.01359
 0.007921
 0.01595
 0.004305
 0.003578
 0.01988
 0.02578
 0.002264
 0.001273
 0.002382
 0.03973
 0.0008256
 0.005145
 0.00845
 0.009794
 0.0004748
 0.00302
 0.004682
 0.06305
 0.01755
 0.01275
  0.1222
 0.004304
 0.01676
 0.01497
 0.002273
 0.002939
 0.007326
 0.001032
 0.02822
 0.0003826
 0.009532
 0.003951
 0.01234
 0.008428
 0.006027
 0.06094
 0.01275
 0.006018
 0.02283
 0.05141
 0.01276
 0.004073
 0.01109
 0.01215
 0.00312
 0.002824
 0.02187
  0.0324
 0.01515
 0.02207
 0.02264
 0.0006123
 0.00136
 0.004593
 0.008499
 0.0009856
  0.0113
  0.0185
 0.02333
  0.0466
 0.05405
 0.02885
 0.01532
 0.02412
 0.007077
  0.0068
 0.0007846
  0.0233
 0.03355
 0.02372
 0.0006783
 0.006186
 0.01631
 0.01637
 0.06358
 0.001747
 0.00354
 0.01152
 0.004585
 0.001744
 0.002661
 0.0008243
 0.02397
 0.01851
 0.01808
 0.001567
 0.01506
  0.0165
 0.001123
 0.01881
 0.01037
 0.005538
 0.007596
 0.002885
 0.006771
 0.01181
 0.03473
 0.003987
 0.06379
 0.02867
 0.02117
 0.04793
 0.01228
 0.009195
 0.009356
 0.04294
 0.0007307
 0.005468
 0.01126
 0.005171
 0.001398
 0.003013
 0.04129
 0.01908
 0.004654
  0.0222
 0.02605
 0.01319
 0.02343
 0.01538
 0.03285
 0.05413
 0.0003388
 0.00776
 0.001294
 0.02678
 0.002967
 0.02114
 0.002619
 0.02743
 0.01663
 0.01008
 0.002364
 0.01643
 0.02225
 0.01433
 0.07001
 0.03592
 0.003982
 0.007119
 0.00195
 0.004432
 0.02491
 0.006903
 0.04706
 0.009427
 0.02068
 0.01181
 0.01118
 0.008649
 0.008781
 0.004975
 0.04275
 0.005846
 0.04774
 0.01118
  0.0019
 0.01271
 0.01587
 0.01895
 0.003361
 0.03951
 0.01314
 0.04601
 0.00228
 0.01528
 0.004036
 0.0009424
 0.006199
 0.005753
 0.0004449
 0.01455
 0.001219
 0.003355
 0.03391
 0.03937
 0.004776
 0.001345
 0.02018
 0.005222
 0.02596
 0.009635
 0.001629
 0.03412
 0.005401
 0.01053
 0.02449
 0.04129
 0.01145
 0.002597
 0.004353
  0.0185
 0.0004028
 0.005629
 0.004781
 0.01302
 0.02227
 0.01708
 0.01089
 0.002282
 0.009881
 0.04398
 0.0001345
 0.005224
 0.008553
 0.03715
 0.03622
 0.002596
 0.03461
 0.008196
 0.02289
 0.00587
 0.02136
 0.009425
 0.006602
 0.02148
 0.05265
 0.005081
 0.0006904
 0.04451
 0.005545
 0.008573
 0.01259
 0.06377
  0.0195
 0.02176
 0.005231
  0.0137
 7.948e-005
 0.01263
 0.001275
 0.001479
 0.009235
 0.01408
 0.01926
 0.01906
 0.002626
  0.0027
 0.007374
 0.006712
 0.03144
 0.002909
 0.007873
 0.03467
 0.006476
 0.003049
 0.01753
 0.001876
 0.08544
 0.01007
 0.005253
 0.02799
 0.01115
 0.00178
 0.001016
  0.0342
 0.004295
 0.0004025
 0.002538
 0.005278
 0.04809
 0.0009696
 0.01198
 0.003781
 0.005389
 0.0001912
  0.0153
 0.001964
 0.006501
 0.02165
  0.0282
 0.02335
 0.003794
 0.003005
 0.002204
 0.005595
 0.01586
 0.009016
 0.01508
 0.005616
 0.008831
 0.02927
 9.039e-005
 0.03169
 0.002732
 0.000244
 0.006722
 0.01705
  0.0177
 0.04611
 0.008235
 0.05129
 0.01502
 0.07418
 0.006986
 0.02412
 0.0005393
 0.0003052
 0.005536
 0.02913
 0.06103
 0.008956
  0.0262
 0.01961
 0.05781
 0.003441
 0.01193
 0.02737
 0.01678
 0.06293
 0.01956
 0.01336
 0.004864
 0.003013
 0.02385
 0.006439
 0.005806
 0.04226
 0.03715
 0.01394
 0.0002693
 0.005008
 0.01341
 0.03626
 0.09002
 0.001978
 0.001583
 0.001029
 0.02078
 0.007789
 0.004972
 0.00214
 0.002183
 0.09473
 0.02844
 0.009278
 0.003181
 0.0001543
 0.001482
 0.02134
 0.008916
 0.01575
 0.01054
 0.003478
 0.01297
 0.004652
 0.001517
 0.01165
 0.05236
 0.01552
 0.005181
 0.04505
 0.006557
 0.02448
 0.002984
 0.007299
 0.002966
 0.003909
 0.005492
 0.007276
 0.007571
 0.03372
 0.001071
 0.005132
 0.02681
 0.004547
 0.009212
 0.004591
 0.03167
 0.008619
 0.007449
 0.006312
 0.07217
 0.00211
 0.01025
  0.0105
 0.006256
 0.03121
 0.01144
 0.01909
 0.002995
 0.03223
 0.07859
 0.0002856
 0.01637
 0.004883
 0.02266
 0.01693
 0.002476
 0.001117
 0.009987
  0.0474
 0.0002924
 0.005418
 0.004128
 0.01314
 0.0008141
  0.0456
 0.002624
 0.008793
 0.0006387
 0.003037
 0.03539
 0.03314
 0.007749
 0.005161
 0.00366
 0.01886
 0.01502
 0.02346
 0.01273
 0.002549
 0.05028
 0.009774
 0.01461
 0.001691
 0.05034
 0.01108
 0.02983
 0.0004252
 0.04949
 0.009983
 0.002432
 0.001732
 0.01937
 0.008034
 0.005182
 0.004742
 0.03558
 0.03292
 0.01166
  0.0042
 0.02318
 0.001213
 0.003167
 0.01736
 0.01576
 0.03073
 0.003886
 0.001812
 0.009104
 0.02328
 0.02159
 0.002819
 0.007054
 0.002871
 0.01488
 0.01008
 0.006484
 0.004877
  0.0546
 0.02524
 0.01629
 0.002938
 0.03234
 0.001854
 0.009149
  0.0582
 0.02206
 0.01719
 0.007029
 0.02692
 0.0007378
 0.05202
 0.0007061
 0.03722
 0.02409
 0.05189
 0.02218
 0.01636
 0.0004822
 0.0002861
 0.02874
 0.01604
 0.01544
 0.0001855
 0.008019
 0.02452
 0.01283
 0.007905
 0.02498
 0.006745
 0.01765
 0.003762
 0.003803
 0.05806
 0.002792
 0.004626
 0.004768
  0.0276
 0.002857
 0.0004653
 0.01035
 0.01278
 0.00549
 0.03661
 0.04258
 0.009119
 0.003629
 0.001059
 0.02482
 0.008533
 0.003358
 0.01989
 0.02937
 0.002466
 0.02004
 0.06883
 0.00166
 0.001297
 0.05296
 0.002644
 0.007094
 0.01178
 0.00993
 0.01366
 0.02054
  0.0176
 0.01332
 0.02624
 0.003628
 0.01962
 0.001066
 0.01805
 0.005281
 0.03134
 0.02353
 0.006112
 0.009452
 0.009572
 0.08095
 0.004688
 0.02368
 0.04948
 0.003884
 0.009574
 0.01062
 0.001479
