  0.4416
  0.5907
  0.1088
  0.2976
 0.09111
  0.1711
  0.2164
   1.139
  0.4631
 0.04013
   1.285
  0.3569
   1.407
 0.05286
  0.1408
  0.2661
 0.03425
  0.6139
  0.7612
  0.0336
    0.77
 0.05843
  0.1055
  0.8676
   1.045
   1.505
  0.2427
  0.3507
 0.08304
  0.9801
  0.4538
   1.435
  0.3781
 0.00979
  0.2891
  0.4132
 0.04479
  0.6551
    1.73
   1.319
 0.06369
   1.727
  0.6869
  0.1916
  0.1248
   1.504
   1.174
  0.1641
  0.1983
  0.5963
  0.1133
  0.1082
  0.7789
  0.4471
 0.05062
    0.92
  0.2825
   1.465
  0.7938
   1.573
  0.4787
  0.4174
  0.1999
  0.8068
  0.1813
  0.1819
   0.468
  0.6286
 0.06358
  0.5026
  0.3305
  0.5863
  0.2639
  0.1127
  0.8459
   1.287
  0.1866
  0.2529
  0.3794
  0.2435
  0.8267
    1.21
  0.5848
  0.2384
  0.8007
  0.1788
  0.3891
 0.05559
 0.08274
  0.3996
  0.4491
   0.126
  0.7565
  0.5035
  0.5563
   0.266
   0.583
  0.0423
   2.036
   1.402
 0.02512
    0.38
 0.09787
  0.1207
  0.1483
  0.1845
  0.2651
  0.2214
    2.51
   1.764
  0.2624
  0.7159
  0.1721
   1.067
  0.3705
  0.5251
  0.4506
  0.7357
  0.8171
  0.5206
  0.8574
  0.1734
 0.02948
  0.2022
  0.2768
  0.4534
   1.167
  0.8301
  0.3124
   1.057
  0.9347
  0.1541
  0.5332
   1.566
  0.2019
  0.3794
  0.2903
  0.8577
  0.8441
   0.527
 0.02445
  0.1134
  0.8453
   0.288
  0.4064
 0.07533
   2.115
  0.0197
   1.575
  0.3792
 0.09316
  0.3442
  0.1213
  0.6123
  0.3178
  0.1913
   0.203
   2.007
  0.1827
 0.01214
  0.2673
  0.1308
  0.3246
  0.6441
  0.6379
  0.2876
  0.1296
  0.5599
  0.6788
  0.1556
  0.1841
  0.9043
  0.1477
  0.4903
 0.01767
  0.2963
  0.2434
  0.1221
  0.2209
  0.4289
  0.5534
 0.06126
   1.246
  0.5833
  0.0639
  0.1933
 0.06016
  0.1178
  0.1688
  0.1951
 0.08816
 0.04501
  0.1914
  0.5479
 0.08681
  0.2136
 0.01293
  0.3533
  0.0796
  0.5564
   1.449
  0.1005
 0.09403
   1.432
  0.2543
  0.7306
  0.2131
  0.8571
  0.4099
  0.5159
    1.26
  0.1736
  0.3586
 0.02721
  0.1988
  0.1445
  0.1891
  0.5514
  0.1556
 0.02019
 0.03355
 0.08186
  0.6951
 0.01391
   1.581
  0.6308
 0.09479
 0.09121
  0.2163
  0.5945
  0.2311
  0.4062
    0.88
 0.04993
  0.5801
 0.00171
  0.1491
 0.08925
 0.01713
  0.4429
   0.983
   1.515
    1.54
  0.1255
  0.1545
   1.043
  0.5752
  0.1217
  0.4356
  0.1639
  0.1203
  0.9114
   0.299
   2.878
  0.2195
   1.057
 0.06065
   1.231
  0.8014
  0.1196
  0.3259
  0.3829
 0.09825
  0.2226
  0.0952
  0.3857
 0.07231
 0.02489
  0.4764
  0.2096
  0.2358
  0.7605
 0.03523
  0.5578
   0.677
  0.2497
  0.6235
 0.06103
  0.1539
  0.4773
  0.6038
  0.5794
  0.1333
  0.5076
  0.1264
  0.2487
  0.1478
  0.5589
  0.4209
  0.7821
  0.1918
  0.3638
  0.1053
  0.4067
  0.9595
 0.05943
  0.7184
 0.02105
  0.7972
 0.05809
  0.1436
  0.9049
  0.5324
  0.2835
   1.675
  0.2051
  0.4152
  0.9106
  0.5017
  0.1795
  0.2181
  0.3263
  0.3033
  0.2718
  0.4694
   0.316
  0.0907
    1.01
  0.6621
  0.2896
 0.05454
   1.044
 0.00688
 0.05861
  0.1544
  0.1723
  0.5634
  0.9342
  0.2358
 0.07363
   1.548
   0.123
   1.449
 0.09693
 0.08274
  0.4251
  0.2017
  0.3229
  0.6058
  0.4436
  0.8287
   1.711
  0.1311
  0.9163
  0.4889
 0.005212
  0.4837
  0.2249
 0.03042
   1.545
 0.03676
  0.1183
  0.3449
  0.6054
 0.09026
 0.01262
   0.334
  0.1579
   1.314
  0.4474
  0.7943
  0.2201
   1.101
  0.2595
  0.3281
    1.12
 0.08082
  0.1323
     1.5
  0.4855
  0.2876
  0.5613
 0.01106
  0.5153
 0.09763
  0.6517
   2.282
   2.324
  0.3973
  0.2154
   0.576
   0.102
  0.3968
 0.008626
  0.3832
  0.8044
 0.02793
  0.1721
  0.5052
 0.01312
   1.103
  0.2392
  0.8118
  0.1306
   1.068
  0.6045
  0.5108
  0.3662
   1.306
   0.293
  0.4596
  0.1814
 0.02614
 0.06878
 0.02676
  0.9844
  0.3223
 0.09667
  0.2026
   1.107
  0.5624
  0.3111
  0.8629
 0.04653
  0.2952
   1.105
   2.703
  0.6033
   1.641
   1.412
  0.3397
 0.04606
  0.9272
  0.1398
 0.09825
  0.1709
  0.1202
  0.0749
  0.1131
  0.4396
  0.7259
  0.1351
 0.03411
 0.02879
  0.8685
   1.988
  0.5718
 0.08137
  0.2596
    0.12
  0.2864
   0.139
  0.1657
  0.6604
  0.1467
  0.1107
 0.02386
  0.9889
  0.5396
   1.375
 0.09357
 0.002216
  0.9155
   2.226
 0.03626
  0.1199
  0.6083
 0.03437
 0.09069
  0.6911
   1.497
  0.4858
   1.481
  0.5161
 0.06723
  0.2618
 0.01925
  0.1533
   0.587
 0.02244
  0.1428
    1.03
 0.04127
  0.4306
   0.525
  0.1058
  0.7181
 0.02304
  0.4985
   1.637
  0.1859
 0.01883
   1.614
  0.3607
  0.3056
  0.1494
  0.9503
  0.1927
 0.08724
 0.04809
 0.01003
  0.4131
  0.5447
 0.08749
  0.7034
  0.5948
  0.4128
   1.106
   1.818
 0.00407
  0.9897
 0.03776
  0.1688
  0.1018
 0.02254
  0.2776
 0.03115
   1.011
 0.06782
 0.08682
  0.3274
  0.1263
  0.6508
  0.3825
  0.4743
   0.347
 0.06793
    0.28
  0.3141
  0.4514
  0.1993
   1.135
 0.02926
  0.4713
 0.06656
  0.6604
  0.3151
  0.2756
 0.08469
 0.01826
    1.22
  0.1403
   1.856
  0.7304
   0.806
 0.09916
  0.0593
  0.1928
  0.7907
  0.7916
  0.0694
 0.03789
   1.045
  0.5636
  0.5912
   1.616
   0.263
   2.653
  0.4973
 0.01599
  0.1109
 0.03575
   2.353
 0.006293
  0.4083
   1.291
 0.06073
   1.022
  0.2285
  0.9801
  0.5831
   0.235
 0.07337
 0.002599
  0.8392
  0.5406
 0.03723
   1.107
 0.03294
  0.7816
 0.07142
 0.001732
  0.4011
  0.1906
 0.05236
  0.2169
   2.232
  0.9343
  0.4977
 0.01476
  0.6888
  0.4548
  0.1996
  0.7442
   1.315
   1.762
  0.8166
  0.3836
  0.2673
 0.05487
  0.6626
 0.01692
   1.417
   0.289
   1.302
  0.1933
 0.08498
   0.166
  0.2402
   0.214
  0.5714
  0.2301
  0.2216
  0.3723
 0.09574
  0.2747
  0.2823
  0.1657
  0.2506
  0.6391
  0.4086
  0.5023
  0.1515
  0.5361
 0.07459
  0.6766
   1.269
  0.1797
 0.04067
  0.3227
  0.8172
   1.672
  0.9522
   1.892
  0.5941
  0.7122
  0.4134
  0.1258
  0.7704
  0.0898
 0.005442
  0.4377
  0.6834
  0.4412
  0.6937
  0.2479
  0.7541
   1.271
 0.08328
  0.3443
  0.5887
 0.06339
  0.3211
  0.9179
   1.519
  0.6811
   1.195
 0.001132
  0.6955
  0.3862
  0.5387
  0.7459
 0.03534
   2.069
   3.278
  0.6408
  0.6582
   1.009
  0.1983
  0.6771
  0.3299
   0.909
   0.138
  0.4936
 0.01883
   1.822
  0.4472
  0.4998
 0.07903
   0.211
  0.3956
 0.01531
  0.5436
  0.4218
  0.5369
  0.5703
  0.4596
  0.2447
    1.26
  0.4428
  0.1116
  0.1179
  0.8864
  0.3133
   2.108
  0.5908
  0.3062
  0.1783
  0.8932
  0.1738
  0.3483
   1.204
 0.01485
  0.8964
  0.2182
  0.3583
  0.2062
 0.03256
 0.08827
  0.1641
 0.02988
  0.1258
   1.115
   1.207
 0.04621
  0.4643
  0.2495
  0.1021
   2.297
 0.06304
  0.3023
   0.376
  0.0249
   0.946
   1.025
  0.4318
  0.2056
  0.4884
  0.3571
  0.6757
  0.7526
  0.4221
  0.2286
  0.7098
  0.1152
  0.5749
  0.4967
  0.1555
  0.2806
  0.2431
  0.6806
  0.2273
   0.175
 0.04577
  0.3194
 0.09337
  0.6919
  0.7044
   1.597
  0.2427
   1.149
  0.3168
  0.7848
  0.9717
 0.04072
   2.165
 0.03314
 0.07809
   1.178
  0.1826
  0.2876
 0.04017
  0.2154
  0.1292
  0.1142
  0.1912
  0.7893
   1.252
  0.2157
     1.3
 0.04855
  0.3184
   0.481
   1.263
  0.5102
  0.3178
  0.4181
  0.9181
  0.2788
  0.4027
  0.5076
  0.1866
 0.05893
   1.771
  0.1213
  0.4623
 0.03634
 0.08366
  0.5855
  0.1088
  0.3182
  0.1588
  0.3669
  0.2073
  0.1999
  0.7996
  0.1746
  0.4835
  0.4272
 0.03598
  0.7974
  0.3651
 0.05745
  0.9564
 0.03394
   1.847
   1.027
   1.164
  0.3057
   1.525
   1.171
  0.3761
  0.6195
   2.833
  0.2606
 0.08405
 0.002752
  0.8032
  0.8187
    1.07
 0.01524
   0.719
  0.8439
 0.02726
 0.02007
  0.4094
  0.3445
  0.8352
   1.261
  0.5948
  0.1996
  0.5518
  0.1444
 0.03941
  0.1497
 0.03103
  0.2297
  0.4126
  0.7421
   1.233
  0.2774
  0.3857
   1.604
  0.1202
  0.3064
  0.3184
  0.4173
  0.4011
   0.293
  0.3234
   0.034
  0.6063
  0.2275
   1.047
  0.6351
 0.09927
  0.1621
   0.729
  0.5058
  0.8065
  0.2236
  0.4297
  0.9137
  0.1413
   2.495
  0.4969
   0.196
  0.4915
  0.8226
  0.6214
 0.06702
 0.02008
   0.699
   0.493
  0.2358
 0.07499
 0.08858
  0.7266
  0.2322
  0.5906
  0.8314
  0.5473
  0.4998
 0.07908
   1.905
  0.4214
   1.671
  0.1019
  0.3606
     2.7
  0.3735
  0.1753
   1.144
  0.1739
   1.084
  0.2033
  0.1821
  0.1189
 0.04524
 0.04194
  0.5441
  0.3036
  0.6179
  0.8215
  0.6365
   0.145
   1.363
  0.9061
 0.05506
   1.223
  0.4634
 0.05845
  0.2453
  0.2535
  0.1681
  0.6826
 0.08015
   1.028
   0.202
  0.4548
 0.01599
  0.1607
   1.484
  0.8812
   0.843
   1.054
  0.1438
  0.3112
  0.3157
  0.9565
  0.1977
   1.555
  0.1229
  0.8691
  0.1829
  0.6891
  0.4688
   0.293
  0.2691
  0.9077
  0.4163
   1.437
 0.02317
  0.2036
   0.305
  0.6097
   0.824
 0.01472
 0.08576
  0.8449
   0.463
   1.498
 0.05881
   0.506
  0.5774
   1.327
  0.2475
  0.2248
  0.6243
 0.09033
  0.7205
  0.4377
  0.8741
  0.7614
  0.6981
   0.948
  0.5981
  0.2511
  0.6008
  0.1327
   0.461
  0.5575
  0.8746
   1.096
  0.3231
   1.136
  0.1772
  0.4804
   1.941
   0.378
  0.1696
  0.2821
  0.4108
  0.7432
 0.01709
 0.05932
   0.363
 0.07018
   1.188
  0.7476
 0.02912
   1.772
  0.3193
  0.2861
  0.2275
  0.0478
  0.3972
  0.4143
  0.5461
  0.1631
  0.1601
  0.5277
  0.1602
    1.03
 0.09226
   0.754
  0.5659
  0.1995
  0.1079
 0.09151
  0.4364
