  0.1097
  0.1966
   0.279
 0.06855
  0.9614
  0.1622
  0.1196
  0.3202
  0.3029
  0.1031
  0.1515
  0.2326
 0.007803
 0.04908
 0.08526
   0.029
  0.1198
 0.07207
 0.08156
  0.1279
  0.0071
  0.5464
 0.04022
 0.04501
 0.08812
  0.2179
  0.2652
 0.01358
   0.095
 0.05555
 0.07564
  0.3795
 0.004713
   0.275
  0.1268
 0.02037
 0.05189
  0.1535
 0.07334
 0.05912
  0.1011
  0.1711
  0.0843
  0.2149
 0.03268
   0.026
   0.257
  0.4713
 0.07845
 0.02314
  0.0558
 0.06657
 0.08431
  0.6706
 0.07103
  0.1839
 0.01167
 0.002425
 0.03388
   0.198
  0.2305
 0.004976
  0.2899
  0.1843
 0.08597
   0.357
 0.03264
  0.4488
  0.1763
 0.007611
 0.01712
  0.1073
  0.3127
 0.02988
 0.09738
  0.1136
 0.02137
  0.1656
 0.02511
  0.5392
  0.1022
 0.02381
 0.04747
 0.03267
  0.2362
 0.04373
 0.003027
 0.07088
  0.3679
  0.3962
  0.5271
 0.02227
  0.2409
 0.02457
   0.372
 0.03611
 0.08206
 0.09897
 0.005003
   0.286
   0.453
  0.1096
 0.00308
 0.08868
   0.264
  0.1368
 0.002474
 0.01611
  0.1768
  0.0463
  0.2265
 0.04803
  0.1303
  0.3723
  0.1362
 0.01999
  0.3917
 0.04565
  0.1185
 0.05997
  0.1794
  0.4662
  0.0848
 0.08488
 0.05048
 0.02469
  0.3173
  0.1176
  0.2425
 0.005915
 0.07672
  0.2769
  0.3713
 0.09816
 0.08496
 0.02592
 0.01394
 0.07453
 0.08374
   0.133
  0.1367
  0.1202
   0.349
  0.3067
 0.08769
  0.4692
  0.1145
 0.03017
   0.161
  0.1294
 0.01763
  0.1395
 0.02828
  0.1708
  0.2589
  0.1325
 0.003606
  0.1378
  0.6573
  0.1677
 0.06369
 0.03207
  0.1081
   0.451
 0.06158
  0.1043
   0.123
  0.2006
  0.1103
 0.01701
   0.333
  0.3814
  0.1609
  0.6147
  0.2882
   0.241
  0.3051
  0.2734
 0.07054
 0.07619
  0.1916
  0.1811
 0.01286
 0.03144
 0.02949
  0.1312
 0.08738
  0.1545
  0.2912
  0.4767
  0.1379
  0.1571
  0.2887
 0.08502
  0.1683
 0.04155
  0.5597
 0.01273
  0.1835
 0.01975
  0.2584
 0.05961
  0.2031
 0.03096
  0.1585
  0.0285
  0.3293
 0.008779
  0.1593
 0.003706
 0.08078
  0.2299
  0.3497
 0.02501
  0.2072
 0.02677
  0.1023
 0.03332
  0.1289
  0.1519
  0.1014
  0.2765
  0.3515
  0.1045
 0.01108
 0.04568
 0.02236
  0.2028
  0.1714
  0.2694
 0.02072
 0.08812
  0.2468
  0.1164
 0.03637
 0.08348
 0.06537
  0.1493
 0.05351
  0.2201
  0.1214
 0.02114
  0.3759
 0.06952
  0.6781
  0.1159
 0.05793
   0.125
  0.2923
  0.0142
  0.1032
  0.1372
  0.1965
  0.1977
 0.03918
 0.04396
  0.2881
 0.04285
 0.04315
 0.08905
 0.02162
 0.03309
 0.02743
  0.1647
  0.0413
 0.04452
  0.1616
  0.1541
  0.1267
  0.2766
 0.07013
  0.3065
 0.06601
  0.1652
 0.02896
 0.03233
  0.2533
 0.05462
 0.01785
  0.0694
 0.008192
  0.2504
  0.1022
  0.1238
 0.06362
 0.02295
   0.302
  0.4677
  0.3518
  0.3706
 0.04239
 0.08026
 0.03395
   0.225
 0.009108
  0.2638
  0.4013
 0.004567
 0.05009
  0.2938
 0.003261
 0.06992
  0.0716
 0.08691
   0.291
 0.01428
  0.1022
   0.056
 0.009168
 0.000882
 0.08986
  0.1608
  0.3892
   0.268
  0.2766
  0.1221
 0.01969
  0.1717
 0.007038
  0.1614
 0.002466
  0.2422
 0.08409
  0.1702
  0.1576
 0.002449
 0.01801
  0.4754
  0.1636
 0.08845
 0.08347
 0.01772
  0.1392
  0.2131
  0.1419
  0.1028
  0.2634
 0.001749
 0.01265
  0.2004
   0.145
 0.03929
  0.1225
 0.08339
 0.03183
  0.1898
  0.2661
  0.1434
  0.3231
  0.2445
 0.01845
 0.06072
 0.001886
    0.08
 0.004094
 0.04104
 0.03404
  0.1269
  0.1449
 0.01793
 0.02642
   0.421
 0.06066
  0.1002
  0.5134
  0.1083
  0.0586
  0.0058
 0.002341
  0.4834
 0.05588
 0.09963
 0.02614
  0.0922
  0.1972
  0.1985
  0.1708
  0.4956
  0.2019
  0.2176
  0.0674
 0.00655
 0.06142
 0.004367
  0.1749
 0.05202
 0.08238
  0.0268
  0.1925
  0.2925
  0.2445
 0.06065
  0.0491
 0.01441
 0.05341
  0.4059
  0.5561
 0.02567
  0.2685
  0.0289
 0.05164
 0.08993
  0.0783
  0.1399
  0.1248
 0.03331
 0.04098
  0.1359
 0.01505
 0.02481
  0.2732
 0.001034
 0.06481
  0.6686
  0.4504
  0.2796
  0.2072
  0.5287
  0.2483
  0.1033
  0.3735
 0.09319
  0.4981
  0.1457
  0.2197
 0.09416
  0.1456
  0.1203
 0.07927
 0.04737
   0.076
  0.3358
 0.06744
  0.5274
  0.1632
 0.01476
  0.1181
 0.001679
  0.0782
 0.001548
 0.05725
  0.2518
 0.08218
 0.09665
  0.1553
 0.02334
 0.05023
  0.1998
  0.6343
  0.6736
  0.1025
 0.03511
  0.1494
  0.3371
 0.08589
  0.5644
 0.07418
  0.1147
  0.1193
 0.05661
  0.6324
 0.06505
 0.05363
 0.03465
   0.858
 0.01728
 0.06302
 0.005347
  0.3385
 0.09747
 0.09796
 0.01432
 0.006022
 0.08596
  0.2206
 0.01063
  0.5611
 0.00272
  0.1411
  0.2081
  0.0435
  0.3431
  0.2156
  0.0753
  0.1372
  0.1882
 0.08789
  0.1112
  0.4151
  0.2785
 0.06972
  0.0514
  0.1304
  0.3858
  0.2755
 0.02781
 0.005413
 0.07713
  0.2165
 0.09655
 0.08275
 0.001791
  0.2058
  0.2752
 0.01791
  0.1297
 0.02143
  0.3882
 0.03343
 0.03098
 0.02654
  0.3652
 0.04764
 0.02889
  0.3214
 0.002357
  0.1455
 0.08138
 0.04846
 0.03219
 0.03458
  0.3939
 0.07318
  0.1082
  0.3222
  0.1199
 0.04739
  0.2648
 0.04298
 0.06061
 0.02571
 0.06936
  0.3237
 0.04683
 0.09954
 0.04097
 0.05273
  0.2144
  0.2965
  0.8491
 0.00612
 0.02173
 0.05233
 0.04909
  0.2819
 0.07808
 0.02272
 0.03161
 0.09574
  0.1251
 0.03957
 0.01104
  0.5031
 0.06204
  0.2984
  0.5192
  0.1988
  0.1948
  0.3444
 0.02616
 0.07478
 0.09458
  0.3088
  0.2413
 0.007841
  0.1883
   0.491
    0.07
 0.06544
  0.1101
  0.0264
 0.07614
 0.06177
 0.08663
 0.04125
  0.3108
  0.2077
 0.008247
  0.2909
  0.3411
  0.3945
   0.167
    0.14
 0.03377
  0.7619
   0.136
 0.009674
  0.2188
  0.3138
  0.5442
  0.5704
 0.04431
 0.04052
 0.05618
 0.01929
  0.2274
  0.2248
   0.303
  0.1102
 0.04022
 0.007431
 0.07199
 0.07128
 0.008973
  0.2553
  0.1331
 0.05425
  0.1948
  0.2119
  0.2081
 0.04354
 0.02507
   0.246
 0.04409
  0.1544
  0.1387
 0.01466
 0.03275
 0.06097
  0.3002
 0.01577
  0.3297
  0.2775
 0.01599
  0.1412
  0.0839
 0.04193
 0.06193
  0.2131
 0.04987
 0.06916
   0.332
 0.03911
  0.3244
  0.2103
  0.0143
 0.04571
 0.01532
   0.216
  0.2849
  0.1608
  0.3834
  0.1621
 0.001742
    0.28
  0.3249
  0.1529
 0.04564
 0.002698
  0.2026
  0.3329
 0.05908
 0.03827
  0.4211
  0.1924
  0.2315
 0.03922
 0.05764
  0.1039
  0.1135
  0.2452
  0.1061
  0.2654
 0.06469
  0.1538
  0.1272
  0.1273
  0.1114
  0.1024
   0.133
   0.312
 0.05142
 0.03541
 0.02506
 0.05545
  0.1204
  0.2806
 0.006777
  0.3036
 0.04549
  0.1393
  0.1821
 0.001932
 0.02768
  0.6065
  0.1839
   0.341
 0.04624
  0.4046
  0.1182
 0.02032
 0.06575
  0.1838
 0.0009775
  0.0243
  0.1613
 0.000869
  0.4053
 0.01416
 0.05926
  0.0419
  0.1049
   0.418
 0.01031
 0.04106
  0.5528
  0.1136
  0.1913
  0.1348
 0.06192
  0.1523
  0.1502
  0.1211
  0.1498
 0.00494
 0.09365
 0.03251
  0.1692
  0.1749
  0.1517
  0.1024
   0.142
  0.1016
  0.3036
  0.0364
 0.08366
  0.1695
  0.2599
 0.03682
  0.1234
  0.1702
  0.1327
 0.06214
 0.07731
 0.04242
 0.04438
  0.1093
  0.3897
  0.1283
  0.1319
  0.2819
 0.03725
 0.02979
 0.06831
  0.1739
 0.003283
  0.0369
  0.0291
  0.1514
 0.07417
 0.06023
  0.3136
  0.1668
 0.003402
  0.2452
 0.01064
 0.02431
 0.03078
  0.1468
  0.3304
  0.5489
  0.3809
  0.1124
 0.05192
  0.1179
  0.2626
 0.007818
   0.284
  0.2383
  0.1122
  0.1963
 0.02468
  0.0794
 0.04597
  0.2801
  0.1145
  0.2253
  0.1077
  0.2691
  0.0784
 0.002352
 0.07553
 0.01987
 0.004041
 0.04003
 0.07952
 0.06859
 0.004725
   0.052
  0.3264
 0.04989
  0.3384
 0.01398
  0.1401
  0.4108
  0.1112
  0.1489
 0.05116
  0.1814
  0.3098
  0.3039
 0.04901
 0.04602
  0.1112
 0.004323
   0.553
  0.2957
 0.01886
  0.1439
  0.1132
 0.02086
 0.01873
 0.03925
 0.03397
 0.07397
 0.02859
  0.6837
 0.03356
 0.09634
  0.2434
 0.07815
   0.964
  0.4664
  0.3059
 0.06729
 0.01129
 0.03598
 0.04521
 0.07023
 0.06329
 0.07389
 0.07008
  0.1142
  0.2175
  0.1045
  0.1636
  0.1283
  0.3834
  0.1138
 0.03677
  0.4688
  0.1537
 0.09361
 0.08091
  0.5614
 0.07191
  0.0649
 0.05475
  0.2143
  0.5379
 0.07346
 0.06254
 0.04484
 0.02013
  0.3976
  0.2755
  0.1153
  0.4214
  0.1567
  0.1335
  0.1322
  0.1088
 0.08845
 0.07094
  0.1202
 0.09766
  0.1733
  0.1464
  0.1974
  0.1447
 0.01544
  0.2691
   0.156
 0.06805
 0.003128
 0.04604
 0.01075
 0.08344
 0.05616
 0.09142
 0.04032
 0.04673
 0.07725
  0.1975
  0.1675
   0.225
 0.09859
  0.2719
 0.07519
  0.1817
 0.09729
  0.1024
  0.6793
 0.05604
 0.01858
  0.3613
  0.1868
   0.443
 0.01119
 0.08394
 0.05435
  0.1282
  0.3715
   0.491
 0.07513
 0.04199
 0.03014
  0.2051
 0.05518
  0.3116
  0.1259
  0.1593
 0.04549
  0.1392
  0.2404
  0.4775
 0.07172
 0.08769
  0.3014
  0.3267
  0.2033
  0.2933
  0.6049
  0.8066
 0.09415
 0.05155
  0.2124
  0.7892
  0.2359
  0.2119
 0.0003861
 0.01572
 0.01226
 0.05941
 0.03467
   0.184
  0.7172
   0.265
 0.02738
  0.2816
  0.0865
 0.04521
 0.06832
    0.37
  0.1433
  0.1016
  0.2821
 0.01584
 0.02995
   0.175
  0.0738
 0.0006994
 0.06079
  0.4789
  0.1105
 0.03345
   0.187
  0.5059
  0.1287
  0.1979
  0.1312
 0.07013
  0.2244
     0.2
  0.3197
 0.08552
 0.04931
  0.8929
 0.05015
  0.1472
 0.04974
  0.1507
 0.03989
 0.01764
  0.7053
 0.05493
 0.001604
 0.09868
   0.276
 0.03073
  0.3271
  0.8825
 0.05777
  0.0526
  0.4892
  0.1301
 0.04948
 0.01021
  0.1132
   0.346
  0.3045
 0.004713
  0.2843
  0.0675
  0.1364
 0.04867
 0.08689
 0.07764
 0.07926
  0.5332
  0.5554
