 0.006479
 0.002045
 0.009503
 0.001766
 0.005827
 0.01079
 0.01694
 0.005275
 0.002669
 0.001644
 0.01174
 0.001973
 0.01442
 0.004197
 0.03451
 0.002955
 0.0009368
 0.0005027
 0.00626
 0.003199
 0.01137
 0.0003953
 0.006147
 0.007167
 0.01155
 0.0008115
 0.01117
 0.0006877
 0.02892
 0.01478
 0.00349
 0.002643
 0.0005273
 0.005308
 0.0008053
 0.0001449
 0.001691
 0.004186
 0.01095
 0.003993
 0.009796
 0.005447
 0.001661
 0.001448
 0.002592
 0.0008746
 0.003107
 0.005706
 0.009891
 0.0004024
 0.001052
 0.001238
 0.004344
 0.008021
 0.01252
 0.005196
 0.002438
 0.005079
 0.009785
 0.005997
 0.005104
 0.002529
 0.0002047
 0.005042
 0.001807
 0.01343
 0.002327
 0.008021
 2.081e-006
 0.006242
 0.006153
 0.0009869
 0.0004125
 0.002465
 0.01184
 0.01825
 0.005619
 0.002146
 0.01125
 0.000833
 0.007406
 0.00167
 0.006569
 0.0001072
 0.001568
 0.006947
 0.005503
 0.007514
 0.0001857
 0.006618
 0.001182
 0.0004255
 0.02038
 0.001165
 0.001032
 0.004762
 0.0006237
 0.006023
 0.008097
 0.005109
 0.004704
 0.009604
 0.006133
 0.004223
 0.009669
  0.0222
 0.0002917
 0.003724
 0.003845
 0.005466
 0.00429
 0.01133
 0.005774
 0.001417
 0.004834
   0.012
 0.006821
 0.003106
 0.001347
 0.001032
 0.005021
 0.01733
 0.001305
 0.001846
 0.008255
 0.01213
 0.001262
 0.002379
 0.001952
 0.00337
 0.006355
 0.004374
 0.01132
 0.003667
 0.0009069
 0.007028
 0.01735
 0.02406
 7.566e-005
 0.01375
 0.00736
 0.005098
 0.007754
 0.01409
 0.002388
 0.003438
 0.0007336
 0.01233
 0.007741
 0.003137
 0.01182
 0.01173
 0.01594
 0.01036
 0.001101
 0.002648
 0.01133
 0.0002014
 0.002817
 0.01609
 0.006059
 0.008969
 0.002603
 0.005382
 0.005121
 0.001392
 0.002283
 0.007217
 0.001121
  0.0134
 0.0003232
 0.001358
 0.0008612
 0.008136
 0.008349
 0.001903
 0.005087
 0.004177
 0.004137
 0.0003601
 0.0009881
 0.001726
 0.01585
  0.0164
 0.007875
 0.01975
 0.002515
 0.002725
 0.0001464
 0.0006554
 0.000477
 0.002465
 0.0001829
 0.001515
 0.0007684
  0.0115
 0.004908
 0.004042
 0.00446
 0.004955
 0.002022
 0.002064
 0.003276
 0.003099
 0.003278
 0.005837
  0.0132
 0.0002914
 0.001387
  0.0211
 0.0009919
 0.002588
 0.006045
 0.003191
 0.005595
 0.002488
 0.01248
 0.008582
 0.0005492
 0.002287
 0.02168
 0.005903
 0.003318
 0.005983
 0.000556
 0.001816
 0.001181
 0.002048
 0.004979
 0.02115
 0.0006269
 0.002397
 0.0007861
 0.006801
 0.003998
 0.005102
 0.003667
 0.008757
 0.002724
 0.001063
 0.01796
 0.001681
 0.001568
 0.01497
 0.0007262
 0.003848
 0.002029
 0.001269
 0.0006048
 0.01288
 0.004646
 0.001665
 0.004013
 0.001649
 0.01122
 0.01243
 0.005881
 0.003413
 0.01109
 0.03633
 0.002881
 0.0003478
 0.001312
 0.0002624
 0.002729
 0.005669
 0.004029
 0.008094
 0.0002878
 0.006885
 0.004186
 0.006983
 0.00471
 0.03198
 0.0005917
 0.006702
 0.001516
 9.148e-005
 0.00124
 0.003371
 0.0008905
 0.008651
 0.0009917
 0.001113
 0.003513
 0.002708
 0.004573
 0.0004043
 0.004291
 0.002254
 0.003134
 0.01267
 0.008823
 0.00201
 0.001181
 0.005559
   0.014
 0.005603
 0.007354
 0.01961
 0.01023
 0.02058
 0.005263
 0.007371
  0.0138
 0.005318
 0.02238
 0.008059
 0.009904
 0.002963
 0.004746
 0.001254
 0.00937
 0.0002468
 0.0005799
 0.0007986
 0.004931
 0.00505
 0.01069
 0.001188
 0.003883
 0.002903
 0.001213
 0.000705
 0.004387
 0.001841
 0.00206
 0.001586
 0.003295
 0.001518
 0.003296
 0.001152
 0.006847
 0.0003402
 0.01528
 0.00163
 0.006611
 0.007715
 0.001001
 0.0009179
 0.006325
 0.002192
 0.007917
 0.002987
 0.01453
 0.0007042
 0.005623
 0.000863
 0.006017
 0.003129
 0.0001198
 0.002152
 0.002268
 0.001496
 0.002738
 0.005439
 0.003322
 0.00377
 0.01123
  0.0108
 0.008921
 0.01809
 0.01788
 0.003565
 0.003098
 0.003724
 0.00702
 0.00182
 0.007604
 0.01288
 0.01775
 0.01025
 0.004707
 0.001594
 0.0002365
 0.001149
 0.001377
 0.004627
 0.0008616
 0.001529
 0.00351
 0.002876
 0.001821
 0.003705
  0.0089
 0.002143
 0.002275
 0.003953
 0.001883
 0.003741
 0.0008774
 0.003892
 0.007322
 0.002071
 0.003662
 0.01286
 0.008055
 0.01118
 0.002051
 0.01074
 0.009905
 0.00457
 0.005101
 0.01427
 0.001927
 0.00659
 0.005229
 0.003669
 0.003608
 0.02779
 0.009162
 0.003405
 0.008633
 0.0004381
 4.062e-005
 0.007215
 0.006387
 0.001384
 0.00199
 0.008384
 0.009506
 0.008891
 0.002718
 0.001584
 0.0003847
 0.01108
 0.002602
 0.003254
 0.00391
 0.006036
 0.01966
 0.0002241
 0.007064
  0.0021
 0.003148
 0.002658
 0.004955
 0.001535
 0.01074
 0.002764
 0.003954
 0.009169
 7.582e-006
 0.01064
 0.002847
 0.01373
 0.002667
 0.0005394
 0.008453
 0.003167
 0.004473
 0.003407
 0.01048
 0.01818
 0.01503
 0.0005725
 0.003765
 0.0008723
 0.01219
 0.00115
 0.003171
 0.003268
 0.01713
 0.008519
 0.001412
 0.005805
 0.006653
 0.001872
 0.001913
 0.002556
 0.0001589
 0.01507
 0.0006358
 0.005499
  0.0129
 0.003042
 0.0006488
 0.003716
 0.008112
 0.00422
  0.0113
 0.004131
 0.00286
 0.004848
 0.0009575
 0.003324
 0.000182
 0.0004271
 0.01233
 0.005659
 0.001938
 0.0007305
 0.002254
 0.007157
 0.004325
 0.001353
 0.0005938
 0.0008831
 0.006477
 0.005597
 0.0009234
 0.005563
 0.002342
 0.0006957
 7.027e-005
 3.995e-005
   0.011
 0.001437
 0.005484
 0.002398
 0.003051
 0.001105
 0.006787
 0.0002679
 0.0007695
 0.001271
 0.003708
 0.01144
 0.01566
 0.001267
 6.791e-005
 0.01838
 0.01221
 0.001792
 1.849e-005
 0.000394
 0.0005049
 0.00202
 0.0007278
 0.001779
 0.006366
 0.003747
 0.01636
 0.004691
 0.001071
 0.02466
 5.737e-005
 0.002506
 0.0009787
 0.001741
 0.009436
 0.0001872
 0.005352
 9.219e-005
 0.0007421
 0.003176
 0.02527
 0.002049
 0.006128
 0.006799
 0.02517
 0.004168
 0.004649
 0.00437
 0.01734
 0.006592
 0.0009505
 0.01554
 0.008048
 0.0007249
 0.0005145
 0.004981
 0.03235
 0.01177
 0.003265
 0.006807
 0.00732
 0.00423
 0.01118
 0.002207
 0.0003696
 0.004839
 0.002991
 0.0001161
 0.005776
 0.0003164
 0.009926
 0.002135
 0.001572
 0.02191
 0.003504
 0.004008
 0.002797
 0.0007421
 0.003193
 0.0001674
 0.007353
 0.003089
 0.005285
 0.01337
 0.01791
 0.005639
 0.007575
 0.005808
 0.009246
 0.009091
 0.003487
 0.004678
 0.002415
 0.01129
 0.002899
 0.002788
 0.009513
 0.001498
 0.001455
 0.01023
 0.008622
 0.002221
 0.005988
 0.001214
 0.001454
 0.001175
 0.005972
 0.009619
 0.00391
 0.01796
 0.00251
 0.009709
 0.00456
 0.003648
 0.001262
 0.003817
 0.01121
 0.02188
 0.01662
  0.0377
 0.003816
 0.002205
 0.008339
 0.006578
 0.001907
 0.03052
 0.002843
 0.0007362
 0.007992
 0.001384
 0.0001868
 0.0005922
 0.002142
 0.01419
 0.002771
 0.004648
 0.001258
 0.0001693
 0.0003494
 0.001006
 0.004798
 0.0005286
 0.0008401
 0.004395
 0.006629
 0.01364
 0.005484
 0.001751
 0.009351
 0.0005254
 0.002813
 0.0005236
 0.00218
 0.003398
 0.001043
 0.005208
 0.009558
 0.01199
 0.005325
 8.443e-005
 0.001074
 0.004583
 0.004384
 0.00162
 0.003952
 0.009197
 0.008747
 0.0002471
 0.003096
 0.00337
 0.002523
 0.0003501
 0.01351
 0.004023
 0.003809
 0.006912
 0.003078
 0.00678
 0.007193
 0.006869
 0.0005824
 0.0002274
 0.01616
 0.00365
 0.004367
 0.001632
 0.002674
 0.01082
 0.001569
 0.005401
 0.01086
 0.004558
 0.001919
 0.002271
 0.005625
 0.01138
 0.005967
 0.0004646
 0.005716
 0.0003924
 0.001445
 0.004731
 0.003124
 0.0002104
 0.007386
 0.00224
 0.001866
 0.01062
 0.0002855
 0.01793
 0.001743
 0.002717
 0.01708
 0.009581
 0.002046
 0.007727
 0.003489
 0.006812
 0.001576
 0.01889
 0.009488
 0.001666
 0.01188
 0.002657
 0.003037
 0.004195
 0.0004847
 0.00351
 0.0004228
 0.006288
 0.007392
 0.001232
 0.01027
 0.002801
 0.0002772
 0.00503
 0.002677
 0.004064
 0.001579
 0.003568
 0.008124
 0.005332
 0.0002153
 0.009289
 0.005999
 0.004061
 0.002058
 0.002869
 0.002506
 0.01267
 0.003861
 0.003028
 0.01042
 0.008277
 0.003465
 0.02327
 0.01078
 0.001371
 0.004789
 0.004965
 0.01964
 0.006994
 0.01059
 4.05e-005
 0.004646
 0.01806
 0.01453
 0.002376
 0.0007704
 0.0009322
 0.001068
 0.0009293
 0.02054
 0.008684
 0.007741
 0.004018
 0.004409
 0.001026
 0.006865
 0.03459
 0.003877
 0.00916
 0.03233
 0.009408
 0.004928
 0.001564
 0.002949
 0.009974
 0.01088
 0.002656
 0.000143
 0.008143
 0.005633
 0.001322
 0.007703
 0.01862
 0.006592
 0.00161
 0.01263
 0.00815
 0.001356
 0.001329
 0.00974
 0.002471
 0.01053
 0.003547
 0.001865
 0.0003922
 0.01205
 0.007399
 0.002114
 2.554e-005
 0.001237
 0.003807
 0.002836
 0.005836
 0.002433
 0.005911
 0.003727
 0.00415
 0.006811
 0.0006162
 0.0005794
 0.004089
 0.002979
 0.00102
 0.001582
 0.005293
 0.003828
 0.002286
 0.007124
 0.002928
 0.01961
 0.007514
 0.0002425
 0.006061
 0.007317
 0.006726
 0.002514
 0.01447
 0.01522
 0.002137
  0.0122
  0.0214
 0.006272
 0.0001578
 0.004871
 0.003554
 0.002831
 0.0006088
 0.003677
 0.004862
 0.006685
 0.002412
 0.005125
 0.002767
 0.004346
 0.005122
 0.0006244
 0.004229
 0.00174
 0.001638
 0.001403
 0.008767
 0.005276
 0.00897
 0.003918
 0.005086
 0.01371
 0.003986
 0.00858
 0.005875
 0.02559
 0.01434
 0.001322
 0.003207
 0.001836
 0.002274
 0.002144
 0.009127
 0.0002512
 0.004146
 0.001195
 0.004204
 0.0008019
 0.001396
 0.002595
 0.01362
 0.002173
 0.005013
 0.0005577
 0.001508
 0.001716
 0.0002228
 0.0008546
 0.00333
 0.003817
 0.002839
 0.0006761
 0.006528
 0.005401
 0.01738
 0.002292
 0.009362
 0.001901
 0.004454
 0.0004414
 0.03161
 0.00163
 0.00419
 0.002493
 0.001181
 0.003635
 0.000371
 0.00241
 0.01373
 0.001489
 0.006543
 0.001001
 0.004812
 0.0002332
 0.001065
 8.526e-005
 0.001459
 0.008199
 0.005873
 0.001628
 0.01525
  0.0119
 0.004674
 0.004316
 0.003521
 0.001272
 0.0001509
 0.008543
 0.01416
 0.001119
 0.001918
 0.001441
 0.0004808
 0.01197
 0.005517
 0.003834
 0.0008388
 0.0006193
 0.005538
 0.008341
 0.001468
 0.00213
 0.01031
 0.006982
 3.535e-005
 0.01417
 0.002144
 0.005008
 0.0004181
 0.0006485
 0.001458
 0.002457
 0.007079
 0.000277
 0.00245
 0.005693
 0.003457
   0.012
 0.00719
  0.0155
 0.003537
 0.01314
 0.0008783
 0.003582
 0.001678
 0.003269
 0.006004
 0.00409
 0.001131
 0.0006951
 0.002465
 0.001648
 0.0002878
 0.005974
 0.006077
 0.01147
 0.005009
 0.001932
 0.0007237
 0.006627
 0.001593
 0.003657
 0.007146
 0.00157
 0.002823
 0.001468
 0.008157
 0.001193
