   38.42
   21.31
   31.39
   38.27
   30.63
    28.9
   27.87
   38.34
   34.77
   29.24
   20.09
    26.7
   39.99
   31.42
   31.38
   30.83
   38.47
   38.49
   22.44
   31.53
   24.15
    36.2
   30.12
   31.66
   31.47
   21.73
   26.14
   24.91
   34.13
   32.45
   35.88
   24.56
   23.83
   34.71
   37.06
   32.17
   29.05
   32.51
   38.57
   26.39
   33.75
   36.33
   39.17
   31.71
   36.17
   31.84
   26.24
   27.16
   27.55
   28.63
   34.56
   35.11
   30.87
   29.01
   25.04
   29.98
   39.66
   36.73
   23.47
   27.03
   36.66
   25.74
   39.27
   31.08
   32.66
   28.92
   24.24
   25.27
   25.17
   26.86
   31.32
   39.83
   37.24
   36.59
   33.34
   20.78
   36.15
   20.33
   21.74
   38.72
   32.22
   34.26
   25.38
   37.59
   37.49
   37.24
    29.2
   23.37
   24.54
   39.58
   33.07
   32.88
   25.19
   31.79
   30.48
   22.51
   29.27
   33.32
   27.28
   36.97
   23.38
   21.32
   20.48
   38.02
   29.61
   39.37
   36.97
   33.27
   24.31
   26.28
   32.26
   24.88
   36.86
   24.77
   29.25
   38.34
   28.38
   30.26
   36.97
   31.21
   30.49
   39.65
   29.33
   21.86
   24.08
   39.98
   23.89
   38.24
   38.04
   37.28
   20.57
   26.62
   28.04
   25.26
   20.44
   20.35
   35.23
   34.07
   24.45
   28.57
   25.02
   39.06
   32.16
   25.02
   25.86
   29.53
   20.55
   36.74
   27.91
   37.46
   22.71
   32.86
   21.87
   26.31
   26.61
   33.32
    37.7
   39.69
   33.87
   37.63
   23.35
   30.18
   38.48
   33.62
   23.53
   28.06
   25.57
   26.18
   38.48
   30.04
   30.13
   26.05
   22.66
   28.04
   35.83
    38.5
   23.57
   37.91
   33.67
   32.17
   20.46
   28.21
   20.81
   27.72
   23.08
   28.94
    39.3
   26.66
   30.44
   20.28
   34.81
   20.06
   29.57
   21.39
   35.39
   37.32
   34.24
   39.09
   30.24
    34.9
   23.73
   36.67
   28.41
   25.08
    21.6
    22.6
   37.63
   24.72
   34.39
    39.3
   22.96
   23.99
   30.41
   31.88
   25.64
   35.14
   38.48
   36.91
   21.77
   21.23
   26.67
   31.15
   21.07
    24.9
   21.07
   20.29
   25.67
   37.11
   24.52
   27.74
   28.82
   25.87
   35.37
   23.33
   33.66
   25.04
   26.21
   32.11
   31.94
   23.04
   22.67
   23.06
   22.82
   31.59
   22.13
   37.85
   31.58
   34.51
   32.44
   39.61
   28.38
   36.43
   30.77
   21.65
   27.03
   31.54
   22.24
   36.26
    23.7
   32.36
   38.76
   23.37
   35.71
   38.48
   37.75
    39.4
   20.24
   25.31
   20.88
   25.95
   33.14
   32.83
   32.81
   38.57
   27.61
   34.34
   39.99
   35.48
      33
    25.2
   29.35
   26.39
   33.53
   31.62
    27.1
   21.18
   27.07
   39.34
   37.44
   38.66
   23.85
   22.45
   21.34
   35.36
   25.26
    32.1
   35.27
   34.25
   22.54
   25.26
   29.97
    33.5
    35.6
   33.48
   29.17
    35.2
   31.71
   31.61
   28.37
   34.17
   24.27
   26.59
   33.57
   26.65
   31.58
   26.17
   20.04
   39.09
   35.55
   27.68
   31.05
   36.87
   20.49
   26.75
   36.62
   33.09
   31.85
    26.1
    32.3
   37.26
   34.93
   24.27
   37.86
   24.12
    33.7
   24.35
   36.13
   22.34
    29.5
   22.78
   31.65
   23.28
   39.78
   38.05
   29.49
   29.75
   36.91
   39.47
   33.98
   24.77
   26.86
   35.93
   27.45
   20.27
   28.01
   24.63
   28.99
   25.92
   29.86
   39.86
    33.2
    37.8
   31.79
    21.7
   28.93
    27.2
   21.82
   24.83
   38.06
   29.35
   35.34
   27.22
   34.19
   32.18
   33.89
   38.95
   21.47
   25.07
   23.88
   30.88
   33.28
   27.59
   35.37
   23.47
      31
   38.24
   20.78
   35.48
   22.81
   23.24
   33.67
   32.75
   22.35
   25.25
   27.49
   36.94
   27.55
    32.1
   34.32
   34.28
   39.34
   25.61
   23.62
   24.32
   20.38
   30.26
   20.98
   28.68
   33.89
   21.99
   26.89
   39.79
   22.31
   36.92
   35.45
   29.68
    26.1
   20.14
   33.16
   38.66
   22.47
   34.42
   37.64
   24.15
   24.14
   28.97
    36.4
   29.36
    38.1
   28.21
   25.58
   32.08
   24.34
    20.5
    28.7
   33.44
    34.6
   26.89
   35.43
    26.6
   31.13
   29.87
    20.3
   25.57
   25.46
   22.15
   21.49
   33.92
    37.1
   35.36
   39.54
   33.56
   32.33
   28.84
   36.16
   33.43
   22.93
   38.36
    32.9
   38.34
   24.95
    24.9
   29.98
   37.62
   37.44
   23.39
   24.97
   33.95
    21.2
   31.44
   31.61
   32.09
   37.57
    38.1
   38.49
   27.59
    27.1
   32.64
   27.84
   35.58
   28.39
   33.26
    34.3
   39.54
   36.77
   35.86
   23.59
   39.98
    23.1
   22.77
   31.37
   23.24
   32.47
   31.54
   21.89
   30.25
   23.01
   23.65
    26.8
   25.24
   24.58
   33.28
    23.9
   24.52
   37.57
   36.05
   35.83
   25.22
   31.61
   37.78
    28.9
   34.04
   24.34
   23.23
    31.8
   35.98
   20.18
   24.87
   34.32
   23.15
   29.02
    31.6
   26.17
   23.45
   25.05
   37.52
   35.69
   29.36
   25.43
   30.67
   28.57
   26.68
    29.1
    21.8
   26.66
   23.28
   35.51
   33.09
    26.7
   37.85
   23.35
   26.93
   39.04
   28.65
   29.33
   34.64
   26.42
   22.26
   26.91
   25.24
   22.72
   22.33
   25.08
    34.2
    31.7
   38.34
   27.05
   32.19
   25.75
   34.32
   29.07
   33.81
   24.64
   37.64
   39.15
   26.36
   34.28
   27.73
   35.77
    38.6
   25.47
   24.85
    26.7
   29.47
   32.62
   38.81
   27.72
   36.86
   32.53
   37.75
   21.35
   26.34
   23.16
    36.9
   35.63
   39.96
   22.31
   27.29
   22.85
   24.94
   26.44
   24.51
   38.32
   22.45
    29.4
   37.51
   39.08
   36.35
   21.14
   37.26
   22.72
   21.96
   26.52
   25.59
   26.05
   34.78
   24.02
   23.87
    23.9
   39.26
   24.52
   21.83
   27.88
   37.56
   30.02
   26.23
   25.07
   38.26
   32.39
   29.66
   36.83
   25.15
   32.15
   39.31
   37.53
   25.96
   37.21
   25.64
   33.29
   21.14
    21.6
   31.23
   20.73
   32.53
   24.22
   39.44
   25.76
   32.23
   27.63
   23.23
   22.25
   31.23
   36.76
   33.87
   30.86
   28.26
   37.67
   29.69
   37.76
   38.46
   36.31
   24.84
   33.36
   22.18
   37.25
   38.08
    31.1
   33.73
   22.46
   21.43
   26.14
   30.09
   30.04
   29.02
   34.19
    39.7
   32.95
   25.79
    30.2
   31.19
   37.81
   36.26
   27.13
   22.14
   23.62
   33.24
   34.68
   27.81
   20.49
   26.65
   38.08
   29.94
   28.44
   32.21
   36.82
   25.42
   36.11
    20.2
   23.38
   35.12
   39.52
   24.24
   22.01
    32.6
   20.83
   30.01
   27.47
   32.84
   27.08
   24.01
   23.76
   21.05
   28.94
   22.32
   22.91
   21.36
   39.47
   39.33
    23.7
   25.61
   32.86
    36.5
   30.41
   22.08
   23.17
   31.12
   31.58
   24.24
   23.11
   25.05
   38.77
   39.52
   22.77
   33.44
   25.28
   38.02
   28.36
   33.56
   24.94
   21.32
   20.99
   33.47
   30.81
   31.17
    35.4
    20.8
   33.99
   38.27
    38.7
    31.5
   22.31
   31.01
   29.14
   38.61
   39.11
   24.25
   34.86
   20.97
   22.01
   28.01
   32.62
      32
   21.62
   36.28
   26.57
   28.43
   20.32
   35.75
   26.99
   39.07
   30.97
   34.52
   29.06
   33.55
   35.73
   30.93
   31.56
   31.06
   24.72
   22.24
   35.67
   29.14
   34.87
    33.4
   23.72
   32.35
   28.57
   25.82
   37.89
   21.12
    32.5
   26.11
   39.01
   20.42
   36.33
    34.8
    25.3
   28.56
    31.5
   35.14
   31.11
   25.89
   29.95
   21.82
   25.65
   23.62
   22.88
   29.71
   31.79
   32.49
   39.49
   22.65
   24.76
   31.61
   25.76
   22.15
   30.96
    37.1
   23.16
   36.18
   26.63
   30.95
   27.41
   27.91
   36.67
    29.7
   27.26
   24.45
   33.35
   33.21
    23.2
   25.59
   35.08
   33.41
   26.24
   32.58
   25.14
   23.05
   36.64
   36.88
   30.47
   24.47
   22.68
   28.87
   20.36
   38.29
   39.37
   26.63
   25.25
   32.24
   27.25
    24.7
   35.47
   29.84
   31.12
   22.79
   39.97
   39.21
   38.79
   34.59
   25.08
   21.76
    39.8
   36.45
   33.28
      21
   24.23
   36.19
   21.91
   31.23
    21.4
   21.82
   21.97
   26.35
   38.64
   30.28
   36.82
   28.56
   20.05
   36.22
   20.96
   37.13
   25.22
   20.75
   38.77
   37.16
   28.01
   20.13
   23.27
   28.32
   35.29
   34.61
   34.87
   33.59
   25.67
   37.12
   20.08
   28.04
   28.28
   22.02
   30.34
   27.53
   21.52
    33.9
   20.67
   37.53
   31.77
   36.25
   28.53
   21.79
   32.19
    20.3
   32.46
   31.15
   21.45
    33.7
   30.91
   32.28
   22.46
   29.29
   20.97
    36.4
   21.14
   33.88
   37.09
   28.07
   25.18
   36.95
   29.87
   33.89
   22.78
   39.45
   24.79
   31.32
   21.37
   22.49
   20.95
   37.37
   26.43
   36.16
   29.86
   37.35
   20.17
   28.24
   34.13
   33.69
   20.31
   32.93
   26.27
   34.58
   38.82
   39.66
   27.43
   22.84
   20.71
   21.78
   26.12
   24.57
   22.71
   25.34
   37.02
   37.95
   32.09
   37.84
   39.64
   21.98
   25.35
   36.98
   37.18
   25.25
   27.01
   39.39
   35.18
   34.63
   28.35
   29.41
   20.34
    24.1
   26.17
   27.83
   39.22
   23.44
   21.49
   20.61
   37.02
      27
   38.38
   27.67
   36.34
   22.47
   22.64
   31.64
   35.89
   39.57
   20.59
   26.57
   29.28
   38.88
   37.81
   26.73
   23.74
   20.54
   37.87
    35.3
   38.88
      33
   21.12
    33.2
   25.47
   21.78
   23.41
