 0.002414
 0.00972
 0.02612
 0.002464
 0.0007355
 0.005254
 0.02074
 0.002855
 0.008344
 0.02498
 0.007332
 0.006412
  0.0135
 0.002155
 0.002183
 0.0001959
 0.006677
 0.00879
 0.004593
 0.004254
 0.009363
 0.003616
 0.01183
 0.01667
  0.0213
 0.04657
 0.0009016
  0.0026
 0.001299
 0.003242
 0.01504
 0.005741
 0.002804
 0.004251
 0.004797
 0.01935
 0.003944
 0.006884
 0.03046
 0.000543
 0.01101
 0.01229
 0.0005554
 0.003638
 0.01949
 0.002139
 0.01694
 0.001743
 0.01797
 0.03601
 1.533e-006
 0.07667
 0.02949
 0.005667
 0.0006258
 0.009218
 0.0002278
 0.02162
 0.002335
 0.01222
 0.005461
 0.001419
 0.00638
 0.008387
 0.001098
 0.000308
  0.0143
 0.007598
 0.01189
 0.0005111
 0.02638
 0.008872
 0.007851
 0.01828
 0.01795
 0.02716
 0.01533
 0.01548
 0.00518
 0.007746
 0.005132
 0.008809
 0.01197
  0.0123
 0.003461
 0.01564
 0.03383
 0.01021
 0.003994
 0.004894
  0.0126
 0.05211
 0.005454
 0.004297
 0.01489
 0.006032
 0.008537
 0.002293
 0.004258
 0.003279
 0.03248
 0.009077
 0.0008726
 0.02168
 0.03745
 0.01861
 0.001514
 0.004963
 0.003596
 0.007123
 0.002769
 0.002084
 0.03504
 0.03095
 0.01357
 0.006971
 0.005516
 0.02395
 0.01175
 0.03098
 0.00874
 0.0002861
 0.02223
 0.001368
  0.0232
 0.006149
 0.03413
 0.00132
 0.005733
 0.005131
 0.005456
 0.001379
 0.02341
 0.01106
 0.01201
 0.03744
 0.01371
 0.002936
 0.002945
 0.01232
 0.002135
 0.02209
 0.009417
 0.001489
 0.003872
 0.00945
 0.005372
 0.005343
 0.001315
 0.003834
 0.007281
 0.008651
 0.008303
 0.00415
 0.0001594
 0.001469
 0.01039
 0.05029
 0.00402
 0.009446
 0.006381
 0.001636
 0.003054
 0.001179
 0.003636
 0.01602
 0.0005758
 0.02223
 0.01006
 0.00917
 0.006143
 0.02482
 0.002695
 0.006174
 0.01561
 0.005464
 0.002692
 0.0009063
 0.06338
 0.006437
 0.00188
 0.007999
 0.01293
 0.007838
 0.0005612
 0.01915
 0.004616
 0.0005329
 0.005709
 0.006599
 0.001596
 0.02932
 0.006191
 0.04189
 0.001696
 0.002985
 0.02909
 0.007262
 0.005723
 0.01087
 0.005489
 0.005332
 0.0003385
 0.0004794
 0.002422
 0.01395
 0.0006544
 0.0006961
 0.006853
  0.0243
 0.01477
 0.01257
 0.004305
 0.00147
 0.009091
 0.02113
 0.01805
 0.001037
 0.002676
 0.02355
 0.0005055
 0.006151
 0.01197
 0.001761
 0.002072
 0.005698
 0.004784
 0.009178
 0.00934
 0.004362
 0.001275
 0.003873
 0.02221
 0.002545
 0.003002
  0.0014
  0.0241
 0.003511
 0.01241
 0.001147
 0.02141
 0.009636
 0.0001719
 0.001834
 0.005794
 0.009364
 0.005336
 0.009614
 0.01165
 0.009373
 0.02227
   0.013
 0.003153
 0.006045
 0.003052
 0.00338
 0.005616
 0.0003118
 0.002448
 0.001864
 0.0007329
 0.01842
 0.004925
  0.0228
 0.01731
 0.008342
 0.005419
 0.002222
 0.001084
 0.009769
 0.000143
 0.008573
 0.001942
 0.01337
 0.000159
 0.01982
 0.002516
 0.006843
 0.006086
 0.01561
   0.005
 0.02447
 0.009759
 0.007986
 0.02117
 0.05845
 0.00133
 0.004368
 0.03522
 0.003641
 0.02957
 0.06083
 0.001252
 0.007164
 0.007438
 0.005514
 0.06073
 0.03435
 0.01568
 0.003338
 0.00853
 0.00309
 0.002935
 0.00694
 0.001735
  0.0161
 0.0005029
 0.01776
 0.006522
 0.004016
 5.448e-005
 0.005583
 0.01321
 0.007877
 0.01234
 0.005181
 0.01073
 0.009702
 0.008293
 0.00501
 0.008932
 0.01556
 0.01924
 0.001219
 0.007536
 0.02252
 0.01652
 0.02672
 0.002198
 0.03268
  0.0108
 0.005372
 0.001109
 0.01403
 0.01247
 0.02451
 0.009473
 0.004123
 0.005077
  0.0011
 0.04716
 0.01035
 0.004207
 0.008254
 0.006697
 0.0003518
 0.005638
 0.003878
 0.004897
 0.01942
 0.01976
 0.00577
 0.0007431
 0.0001346
 0.002439
 0.008042
 0.0009088
 0.007393
 0.007361
 0.005978
 0.00227
 0.0008282
 0.003651
 0.009832
 0.006488
 0.00967
 0.01109
 0.01877
 0.003805
 0.02136
 0.004219
 0.01252
 0.007754
 0.03478
 0.01391
 0.002534
 0.005795
 0.02443
 0.0007288
 0.004046
 0.01884
 0.002681
 0.003556
 0.007305
 0.002163
 0.007126
 0.003806
 0.004189
 0.008475
 0.02605
 0.02883
 0.0001247
  0.0159
 0.01909
 9.39e-005
 0.02918
 0.006388
 0.005009
 0.005252
 0.004026
 0.0005484
 0.03303
 0.001847
 0.01175
 0.02361
   0.018
 0.00713
 0.005881
 0.00461
 0.01244
 0.02388
 0.006337
 0.01726
 0.003395
 0.001724
 0.01094
  0.0135
 0.01655
 0.00572
 0.007237
 0.01446
 0.01012
 0.004442
 0.01048
 0.01417
  0.0166
 0.0005345
 0.005225
 0.02044
 0.009367
 0.002342
 0.005078
 0.009265
 0.001203
 0.001656
 0.0006984
 0.02047
 0.01483
 0.02309
 0.002952
 0.0005987
 0.03274
 0.002562
 0.01438
 0.0009459
 0.007897
 0.01273
 0.02405
 0.006758
 0.005847
  0.0193
 0.00108
 0.005928
 0.002051
 0.0004716
 0.00498
 0.02031
 0.006639
 0.01256
 0.0004108
 0.006049
 0.01576
 0.00434
 0.0008189
 0.01386
 0.01991
 0.008612
 0.02069
 0.002437
 0.003786
 0.002294
 0.01165
 0.003386
 0.002172
 0.003637
 0.002794
 0.005693
 0.007785
 0.003083
 0.003337
 0.002582
 0.02848
 0.01934
 0.001454
 0.00512
 0.001095
 0.003391
 0.003177
  0.0242
 0.005257
 0.003287
 0.02096
 3.453e-005
 0.006551
 0.001276
 0.005175
 0.003175
 0.01366
 0.01288
 0.001522
 0.01284
 0.04885
 0.01217
 0.01484
  0.0182
 0.02854
 0.005554
 0.02882
 0.01007
 0.01628
 0.0007875
 0.01705
 0.01312
 0.01821
 0.01268
 0.01036
 0.005215
 0.02561
 0.004532
 0.003863
 0.01096
 0.001191
 0.0002846
 0.02967
 0.003573
 0.002252
 0.01576
  0.0052
 0.03031
 0.003405
 0.02073
 0.02315
 0.001898
 0.004096
 0.01136
 0.007819
 0.006768
 0.01327
 0.02048
  0.0225
 0.006413
 0.02008
 0.005663
 0.007864
 0.01525
 0.01086
 0.01294
 0.01089
 0.002816
 0.00191
 0.00816
  0.0084
 0.02452
 0.001353
 0.002747
 0.003369
 0.001348
 0.006684
  0.0106
 0.001214
 0.008447
 0.0002646
 0.003694
 0.002047
 0.004255
 0.02099
 0.005296
 0.0002721
 0.0003006
 0.001096
 0.02535
 0.001356
 0.01314
 0.002987
 0.009585
 0.006809
 0.001783
  0.0292
 0.001723
 0.002495
 0.01201
 0.004913
 0.001614
 0.0004813
 0.00574
 0.04075
 0.002204
 0.02535
 0.003035
 0.02035
 0.04008
 0.008252
 0.02397
 0.006706
 0.003701
 0.0002437
 0.0002581
 0.001596
 0.002006
 0.00298
 0.002651
 0.008688
 0.01942
 0.01114
 0.002106
 0.007181
 0.02402
 0.01195
 0.01064
 0.002488
 0.003525
 0.004292
 0.007953
 0.00102
 0.005437
  0.0155
 0.000158
 0.002394
 0.002011
 0.02154
 0.006705
 0.02108
 0.0006147
 0.01511
 0.01382
 0.002324
 0.001705
 0.005966
   0.047
 0.01133
 0.003176
 0.003095
 0.02144
 0.01192
 0.03213
 0.008234
 0.009951
 0.001737
 0.008975
 0.002064
 0.0003941
 0.0001645
 0.005509
 0.0008236
 0.008561
 0.01781
  0.0105
 0.01725
 0.005654
 0.004268
 0.006434
 0.002319
 0.008862
 0.0004745
 0.00184
 0.01599
 0.02053
  0.0125
 0.001422
 0.006775
 0.0002437
 0.07672
 0.03307
 0.000874
  0.0143
 0.04042
 0.007165
 0.01746
 0.01794
 0.01312
 0.02931
 0.04873
 0.001004
 0.02006
 0.01709
 0.00584
 0.008215
 0.001314
 0.001304
 0.001991
 0.006285
 0.02499
 0.004402
 0.02537
 0.004166
 0.02343
 0.008876
 0.01047
 0.000598
 0.007733
 0.007296
 0.00203
 0.02367
 0.01032
 0.007697
 0.01352
 0.01043
 0.03509
 0.01576
 0.006868
 0.00871
 0.01416
 0.002922
 0.001581
 0.009336
 0.003552
 0.01446
 0.00635
 0.003353
 0.006992
 0.001248
 0.02255
 0.02314
 0.006078
 0.001144
 0.0005882
 0.00752
 0.04052
 0.009208
 0.004517
 0.0009386
  0.0024
 0.009014
 0.008105
 0.005424
 0.001532
 0.003199
 0.003155
 0.00393
 0.002113
 0.0008989
 0.00931
 0.01064
 0.01473
 0.01579
 0.01138
 0.004368
 0.01885
 0.007798
 0.00215
 0.007558
 0.006979
 0.02482
 0.05716
 0.007271
 0.006763
 0.0001198
 0.01041
 0.02698
  0.0168
 0.006726
 0.03611
 0.01376
 0.003141
 0.01028
 0.01017
 0.004194
 0.000257
 0.006077
 0.01212
 0.008534
 0.001923
 0.01112
 0.002033
 0.01801
 0.003599
 0.01893
 0.009757
 0.001255
 0.0004508
 0.005642
 0.01032
 0.0008121
 0.01057
 0.01614
 0.00727
 0.0009932
 0.008146
 0.004287
 0.01277
 0.004067
 0.02633
 0.007617
 0.007106
 0.01676
 0.00272
 0.02876
 0.006233
 0.006148
 0.01743
 0.00451
 0.0007071
 0.001935
 0.006063
 0.01771
 0.003045
 0.02334
 0.02144
 0.01208
 8.575e-005
  0.0114
 0.005415
 0.01254
 0.01912
 0.01234
 0.006628
 0.000533
 0.006659
 0.005377
 0.002031
 0.005103
 0.003735
 0.007222
 0.01949
 0.0001359
 1.699e-005
 0.0006964
 0.01051
 0.01513
 0.0006519
 0.007983
 0.0007518
 0.003254
 0.005097
 0.02431
 0.008231
 0.01854
 0.02061
 0.01023
 0.0004479
 0.009953
 0.02018
 0.01725
 0.006963
 0.01119
 0.01899
 0.00229
 0.00755
 0.03011
 0.02758
 0.003039
 0.02328
 0.005909
 0.005967
 0.002936
 0.001427
 0.002383
 0.006605
 0.003449
 0.0003852
 0.005647
 0.006301
 0.005039
 0.003547
 0.006559
 0.01298
 0.008291
 0.0002531
 0.04977
 0.0004675
 0.01764
 0.003805
 0.02507
 0.002611
 0.00392
 0.01746
 0.008883
 0.01105
 0.004249
 0.003855
 0.01508
 0.02293
 0.005348
 0.002807
 0.01467
 0.001809
 0.004091
 0.003365
 0.005275
 0.04201
 0.003112
 0.02678
 0.001988
 0.01231
 0.01506
 0.0003563
 0.00293
 0.0008559
 0.02427
 0.00475
 0.008213
 0.01676
 0.002856
 0.002642
 0.01874
 0.00137
 0.03464
 0.02544
 0.01353
 0.004145
 0.02463
 0.004869
 0.01698
 0.005188
  0.0106
 0.01353
 0.01052
 0.006761
 0.007754
 0.01878
 0.02193
 0.007717
 0.01495
 0.01983
 0.003674
 0.01695
 0.006509
 0.01675
 0.02103
 0.006856
 0.01339
 0.001643
 0.01748
 0.002298
 0.01144
 0.003886
  0.0119
 0.008992
 0.007686
 0.003863
 0.005332
 0.02236
 0.01177
 0.002986
 0.004259
 0.006639
 0.01434
 0.02581
 0.004637
 0.006131
 0.01041
 0.004281
 0.02643
 0.001899
 0.009112
 0.004495
 0.0009886
 0.01734
 0.003252
 0.001781
 0.01005
 5.864e-006
 0.01732
 0.02091
 0.0007402
 0.002936
 0.02393
 0.001247
 0.01377
 0.01068
 0.01652
 0.008068
 0.02165
 0.004482
 0.006133
 0.006331
 0.01048
 0.00188
 0.007328
 0.003919
 0.002382
 0.001025
 0.005785
 0.003864
 0.01674
 0.02547
 0.007241
 0.03265
 0.01724
 0.01429
 0.03147
 0.009607
 0.01627
 0.009846
 0.02969
 0.0008788
 0.008627
 0.04752
 0.01243
 0.001616
 0.003331
 0.004285
 0.008352
 0.001656
 0.005772
 0.01492
 0.05508
 0.007973
 6.229e-005
 0.006825
 0.01232
