   1.146
   1.236
   1.918
   1.433
   1.907
   1.497
   1.011
   1.497
   1.124
   1.379
   1.999
   1.211
   1.755
   1.838
    1.55
   1.447
   1.908
   1.527
   1.199
   1.746
   1.781
   1.231
   1.289
   1.751
   1.594
    1.31
   1.905
   1.647
   1.534
   1.134
   1.816
   1.596
   1.686
   1.519
   1.409
   1.178
   1.973
   1.166
   1.628
   1.826
   1.093
   1.097
    1.91
   1.262
   1.459
   1.098
   1.126
   1.939
   1.131
   1.147
   1.513
   1.476
   1.761
   1.859
   1.617
   1.093
   1.523
   1.924
   1.229
   1.053
   1.056
   1.537
   1.318
   1.098
   1.397
   1.843
   1.975
   1.884
   1.923
   1.371
   1.347
   1.423
   1.287
   1.473
   1.576
   1.516
   1.352
   1.761
   1.733
   1.193
   1.135
   1.541
    1.76
    1.15
   1.737
   1.259
   1.407
   1.188
   1.287
   1.929
   1.166
   1.647
   1.876
   1.578
    1.21
   1.845
   1.497
   1.676
   1.334
    1.52
   1.978
   1.582
   1.887
   1.259
   1.925
   1.976
   1.714
   1.941
   1.655
   1.296
   1.091
   1.177
   1.136
    1.18
   1.661
   1.739
   1.925
   1.899
   1.378
   1.006
   1.104
   1.796
   1.436
   1.396
   1.215
   1.725
   1.213
   1.808
   1.205
   1.487
   1.206
   1.053
   1.356
   1.268
   1.967
   1.301
   1.225
   1.074
   1.045
   1.507
   1.585
   1.173
   1.918
   1.859
   1.356
   1.531
   1.933
    1.21
   1.547
   1.247
   1.247
   1.514
   1.193
   1.992
   1.757
    1.27
   1.291
   1.449
   1.044
   1.953
    1.74
   1.746
   1.308
   1.454
   1.275
   1.896
   1.306
   1.518
   1.407
   1.236
   1.286
   1.182
   1.361
   1.861
   1.933
   1.209
   1.011
   1.064
   1.296
   1.532
   1.819
   1.773
   1.734
   1.683
   1.772
   1.987
   1.848
   1.238
   1.323
   1.217
   1.423
    1.25
    1.32
    1.92
   1.361
    1.69
   1.955
   1.936
   1.621
    1.88
    1.69
   1.931
   1.157
   1.934
   1.203
   1.827
   1.855
   1.196
   1.321
   1.246
   1.468
   1.674
   1.961
   1.944
   1.558
    1.48
   1.062
   1.249
   1.429
   1.267
   1.529
   1.499
   1.068
   1.668
   1.165
   1.478
   1.082
    1.73
   1.614
   1.857
   1.633
   1.354
   1.291
   1.627
   1.377
   1.733
   1.328
   1.541
   1.403
   1.788
   1.505
   1.548
   1.168
   1.605
   1.191
   1.231
   1.436
   1.874
    1.28
   1.247
   1.217
   1.328
   1.128
   1.762
   1.698
   1.176
   1.493
   1.889
    1.19
   1.543
    1.47
   1.126
   1.059
   1.911
    1.43
   1.794
   1.663
   1.547
   1.956
   1.471
   1.295
   1.953
   1.781
   1.436
   1.114
   1.293
   1.729
   1.101
   1.089
   1.834
   1.644
    1.45
   1.931
   1.388
   1.339
   1.477
   1.032
   1.741
   1.523
   1.623
   1.405
   1.099
   1.743
   1.214
   1.618
   1.517
   1.325
     1.9
   1.735
   1.346
   1.305
   1.087
    1.25
   1.661
   1.369
   1.382
   1.026
   1.707
   1.792
   1.024
   1.235
    1.33
   1.375
   1.326
    1.29
   1.417
   1.381
   1.111
   1.788
   1.334
   1.473
   1.147
   1.444
   1.364
   1.652
   1.589
    1.03
   1.143
   1.196
   1.413
   1.312
   1.097
   1.594
   1.856
   1.987
   1.881
   1.486
   1.852
   1.623
   1.816
   1.601
   1.468
   1.592
   1.328
    1.69
   1.344
   1.014
   1.382
   1.472
   1.133
   1.686
   1.922
   1.562
    1.93
   1.027
   1.309
   1.415
   1.719
   1.013
   1.757
   1.261
   1.803
   1.111
   1.769
   1.042
   1.248
   1.225
    1.58
   1.352
   1.316
   1.622
   1.589
   1.372
   1.901
    1.88
   1.799
   1.809
   1.974
    1.82
   1.254
   1.831
   1.012
   1.443
   1.475
   1.009
   1.442
   1.872
   1.903
   1.251
   1.073
   1.285
   1.327
   1.738
   1.539
   1.853
   1.332
   1.868
   1.732
   1.682
   1.729
   1.186
   1.242
   1.743
   1.995
   1.327
   1.793
   1.817
   1.711
    1.95
   1.683
   1.427
       2
   1.678
   1.217
   1.779
   1.962
   1.034
    1.15
   1.699
   1.112
   1.378
    1.12
   1.566
   1.823
   1.847
   1.089
   1.256
   1.754
   1.289
   1.776
   1.077
   1.295
   1.205
     1.1
   1.704
   1.001
   1.682
   1.613
   1.121
   1.033
   1.331
    1.94
   1.555
    1.59
    1.23
   1.217
   1.413
    1.35
   1.853
   1.524
   1.225
   1.908
   1.016
   1.329
   1.573
   1.213
   1.806
   1.921
   1.038
   1.003
   1.526
   1.849
   1.129
   1.247
    1.63
   1.357
   1.225
   1.578
   1.657
   1.828
   1.512
   1.733
   1.173
   1.215
   1.921
   1.991
   1.706
    1.48
   1.063
   1.608
   1.687
   1.033
   1.169
   1.258
   1.382
   1.169
   1.027
   1.466
   1.834
   1.505
   1.918
   1.049
   1.797
   1.419
   1.556
   1.555
   1.678
   1.484
   1.023
   1.693
    1.47
   1.909
   1.708
   1.781
   1.692
   1.976
   1.245
   1.174
   1.326
   1.475
   1.448
   1.707
   1.754
   1.144
   1.251
   1.131
   1.697
   1.108
   1.646
    1.55
    1.15
    1.31
   1.616
   1.861
    1.32
   1.956
   1.078
   1.186
   1.569
   1.948
   1.818
   1.316
   1.341
   1.323
   1.429
   1.145
   1.109
   1.691
   1.246
   1.106
   1.308
    1.67
   1.287
   1.613
   1.273
   1.328
   1.189
   1.496
   1.178
   1.614
   1.148
   1.435
   1.972
   1.803
   1.849
   1.406
   1.315
   1.928
   1.413
    1.11
    1.52
   1.218
   1.329
   1.415
   1.487
    1.54
   1.392
   1.793
   1.641
    1.83
   1.641
   1.757
    1.87
   1.536
   1.298
   1.297
   1.463
   1.052
   1.702
   1.321
   1.045
   1.158
   1.252
   1.089
   1.519
   1.455
   1.337
   1.654
       2
   1.804
    1.28
   1.295
   1.752
   1.763
   1.274
   1.959
   1.129
   1.027
   1.317
   1.695
   1.508
   1.861
   1.151
   1.094
   1.232
    1.54
     1.2
   1.726
   1.541
   1.786
   1.509
   1.575
   1.516
   1.207
   1.677
   1.481
   1.011
   1.733
   1.798
   1.574
   1.593
   1.052
   1.398
   1.711
   1.482
   1.053
   1.372
   1.916
   1.484
   1.255
   1.922
   1.819
   1.929
   1.253
   1.493
   1.088
   1.612
    1.15
   1.713
    1.87
   1.728
   1.997
   1.328
   1.228
   1.809
    1.23
   1.141
    1.58
   1.665
   1.106
   1.951
   1.133
   1.314
   1.142
   1.485
   1.325
    1.93
   1.554
   1.341
   1.257
   1.771
   1.691
   1.926
   1.135
   1.121
   1.475
   1.386
   1.706
   1.229
   1.837
   1.554
   1.697
   1.241
   1.156
   1.878
   1.248
   1.145
   1.696
   1.364
   1.354
     1.7
   1.043
   1.514
   1.302
   1.382
   1.542
    1.26
   1.107
   1.314
   1.737
   1.901
   1.948
   1.209
   1.804
   1.047
    1.61
   1.304
   1.995
    1.55
   1.918
   1.301
   1.068
   1.442
   1.176
     1.3
    1.73
   1.877
   1.603
    1.74
   1.074
   1.065
   1.772
   1.336
   1.013
   1.208
   1.049
   1.014
   1.722
   1.442
   1.025
   1.853
    1.07
   1.771
   1.959
   1.017
   1.064
   1.006
   1.213
   1.697
   1.282
   1.702
   1.692
   1.048
   1.312
   1.097
   1.275
   1.123
   1.189
   1.046
   1.262
   1.815
   1.833
   1.961
   1.804
   1.791
   1.485
   1.749
   1.342
    1.43
   1.148
   1.749
   1.048
   1.765
   1.022
   1.668
   1.259
   1.413
   1.939
    1.52
   1.914
   1.519
   1.806
   1.563
   1.996
   1.688
   1.039
   1.237
   1.964
    1.93
   1.001
   1.101
   1.195
   1.588
    1.44
   1.772
   1.417
   1.283
   1.927
   1.858
    1.15
   1.849
   1.292
   1.901
   1.145
    1.27
   1.061
   1.312
   1.816
   1.617
   1.897
   1.307
   1.681
   1.987
   1.034
   1.849
   1.801
   1.441
   1.716
    1.58
   1.212
   1.938
   1.635
   1.763
   1.369
   1.277
   1.366
   1.216
    1.58
   1.032
   1.809
   1.252
   1.443
   1.489
    1.62
   1.616
   1.285
   1.586
   1.656
   1.421
     1.6
   1.846
   1.407
   1.088
   1.483
   1.321
   1.435
   1.281
   1.073
   1.523
   1.813
   1.846
   1.986
   1.366
   1.559
    1.75
   1.754
   1.102
   1.079
   1.012
   1.262
   1.256
   1.598
   1.651
   1.188
    1.57
   1.602
   1.613
   1.436
   1.932
   1.277
   1.714
   1.578
   1.321
   1.939
    1.58
   1.288
    1.74
   1.479
   1.577
   1.783
   1.156
   1.798
   1.754
   1.256
   1.434
   1.243
    1.78
   1.318
   1.281
   1.046
    1.88
   1.433
   1.174
   1.763
   1.773
   1.355
   1.309
   1.708
    1.61
   1.567
   1.526
   1.391
   1.911
    1.72
   1.259
    1.96
   1.502
   1.066
   1.462
   1.634
   1.455
   1.899
   1.556
    1.14
   1.021
   1.991
    1.36
   1.155
   1.572
    1.03
   1.032
   1.739
   1.537
    1.06
   1.005
   1.774
   1.337
   1.912
   1.925
   1.404
   1.327
   1.647
   1.588
   1.468
   1.729
   1.995
   1.879
    1.94
   1.574
   1.785
   1.706
   1.368
   1.634
   1.389
   1.943
   1.308
   1.367
   1.158
   1.363
   1.764
   1.846
   1.859
   1.576
   1.624
   1.702
   1.112
   1.968
   1.099
   1.062
   1.827
   1.638
   1.161
   1.482
   1.645
   1.336
   1.976
   1.888
   1.371
     1.4
   1.348
   1.513
   1.413
   1.691
   1.151
   1.834
   1.223
   1.537
   1.771
    1.51
   1.728
   1.661
   1.538
   1.319
   1.774
   1.129
   1.171
   1.095
   1.559
    1.28
   1.207
   1.666
   1.071
   1.666
   1.446
   1.793
   1.529
   1.989
   1.384
   1.105
   1.816
   1.041
   1.651
   1.039
    1.92
   1.636
   1.451
   1.773
   1.369
   1.554
   1.996
    1.17
   1.669
   1.474
   1.947
   1.711
   1.743
   1.912
   1.848
   1.434
   1.368
   1.162
