 0.002235
 0.01071
 0.008687
 0.007399
 0.01308
 0.01206
 0.001393
 0.005648
 0.002456
 0.005571
 0.0007642
 0.00193
 0.008727
 0.001512
 0.008841
 0.008116
 0.0006979
 2.703e-005
 0.008236
 0.004529
 0.0004117
 0.0004114
 0.006316
 0.000477
 0.002828
 0.0008297
 0.003274
 0.0002416
 0.0004321
 0.009547
 0.002004
 0.00178
 0.009623
 0.002343
 0.01015
 0.001885
 0.01092
 0.000198
 0.0008928
 0.004961
 0.002972
 0.006673
 0.006764
 0.003896
 0.0009107
 0.007424
 0.007617
 0.004409
 0.01364
 0.0008285
 0.00026
 0.0009195
 0.0006698
 0.001239
 0.01406
 0.0001823
 0.003787
 0.001848
 0.005807
 0.01183
 0.004158
 0.001347
 0.00222
  0.0005
 0.001016
 0.00895
 0.008876
  0.0112
 0.02134
 0.00436
 0.02132
 0.001947
 0.001737
 0.0008784
 0.004642
 0.004198
 0.001744
 0.01168
 0.006066
 0.004753
  0.0175
 0.00365
 0.001877
 0.00707
 0.0009729
 0.00439
 0.005396
 0.001156
 0.008145
 0.000532
 0.001725
 0.004313
 0.007551
 0.02814
 0.0001207
 0.004601
 0.0006422
 0.007507
 0.0001442
 0.003731
 0.01551
 0.0009458
 0.01818
 0.007183
 0.005636
 0.002748
 0.0001571
 0.002791
 0.0002256
 0.0008426
 0.01099
 0.01335
 3.881e-005
 0.005391
 0.01589
 0.002987
 0.0001652
 0.006508
 0.001348
 0.005285
 0.0002277
 0.0001171
 0.003907
 0.0007153
 0.003171
 0.004516
 0.003663
 0.01428
 0.00275
 0.006843
 0.005315
 0.001674
 0.004391
 0.001515
 0.00257
 0.0001599
 0.002647
 0.0006746
 0.00121
 0.0008755
 0.0007345
 0.0003479
 0.00433
 0.003577
 0.007774
 0.0006106
 0.001178
 0.001573
 0.002672
 0.0009852
  0.0114
 0.002801
  0.0215
 0.004266
 0.007025
 0.003647
 0.002782
 0.005286
 0.001331
 0.0004436
 0.01372
 0.001631
 0.0005766
 0.0009541
 0.005977
 0.002603
 0.004454
 0.0004692
 0.001563
 0.006416
 0.003363
 0.006902
 0.002347
 0.0008319
 0.0006403
 0.002936
 0.0009899
 0.002127
 0.002294
 0.001318
 0.001039
 0.002716
 0.01501
 0.003865
 0.002646
 0.002288
 0.001172
 0.009132
 0.002779
 0.00548
 0.002367
 0.0003643
 0.002331
 0.01089
 0.004128
 0.001215
 0.0004004
 0.0008904
 0.008351
 8.266e-005
 0.0001898
 0.008413
 0.0009239
 0.001687
 0.004085
 0.01842
 0.006115
 0.006692
 0.01129
 0.01647
 0.006401
 0.002251
 0.000449
 0.000284
 0.005036
 0.0002733
 0.0009235
 0.01122
 0.0008932
 0.0005719
 0.001513
 0.00102
 0.001572
 0.01278
 0.004024
 0.0006451
 0.002377
 0.002928
 0.002764
 0.0001815
 0.002033
 0.007881
 0.002882
 0.01197
 0.003106
 0.007138
 0.003141
 0.0002333
 0.005836
 0.002802
 0.00655
 0.002736
 0.004016
 0.006139
 0.01021
 0.003669
 0.00177
 0.01317
 0.02839
 0.005439
 0.01157
 0.001877
  0.0057
 0.005753
 0.0009799
 0.00567
 0.001566
 0.003161
 0.008057
 0.01307
 0.00452
 0.003621
 0.002848
 0.003611
 0.002043
 0.003549
 0.006124
 0.001366
  0.0106
 0.01047
 0.002047
 0.003898
 0.003319
 0.001922
 0.0008597
 0.00185
 0.002229
 0.002843
 0.001021
 0.001402
 0.004942
 0.001474
 0.006085
 0.003721
 0.003478
 0.006986
 0.002253
 0.002543
 0.001577
 0.003619
 0.000726
 0.005021
 0.002234
 0.001267
 0.002614
 0.00115
 0.003129
 0.001119
 0.001015
 0.006157
 0.003992
 0.0003131
 0.01272
 0.0007385
 0.01498
 0.0009107
 0.00711
 0.001024
 0.001995
 0.00178
 0.004007
 0.0002445
 0.01518
 0.000915
 0.01096
 0.007594
 0.003376
 0.01228
 0.0008277
 0.0005704
 0.002129
 0.007462
 0.004625
 0.005239
 0.003249
 0.004762
 0.003698
 0.009589
 0.004879
 0.003017
 0.000765
 0.001448
  0.0018
 0.0003706
 0.005994
 0.00108
 0.009497
 0.003077
 0.005879
 0.002123
 0.00392
 0.004918
 0.006485
 0.001847
 0.00517
 0.01321
 0.005745
 0.0006244
 0.002837
 0.005341
 0.007303
 0.007545
 0.001727
 0.007412
 0.004019
 0.0001009
 0.006867
 0.001628
 0.0005119
 0.003587
 0.004455
 0.009505
 0.009864
 0.00969
 0.01097
 0.002853
 0.0001272
 0.00715
 0.000197
 0.007534
 0.001358
 0.009695
 0.008259
 4.744e-005
 2.306e-005
 0.0007113
 0.004075
 0.0004662
 0.002659
  0.0035
 0.0006701
 0.004087
 0.003868
 0.00351
 0.01047
 0.0003544
 0.001453
 0.005604
 0.01694
 0.005909
 0.002062
 0.001352
 0.0008998
 0.01162
 0.005105
 0.004157
 0.0005637
 0.00656
 0.0004866
 0.01184
 0.001244
 0.004957
 0.005012
 0.006429
 0.01121
  0.0104
 0.004142
 0.003272
 0.002995
 0.0008438
 0.002078
 0.0003462
 0.001762
 0.0008483
 0.006645
 0.001844
  0.0108
 0.0007255
 0.01761
 0.006881
 0.009605
 0.002814
 0.004336
 0.0002023
 0.0004907
 0.0007613
 0.007397
 0.002792
 0.005866
 0.003162
 0.00123
 0.00465
 0.001314
 0.004026
 0.001239
 0.0001521
 0.004057
 0.008935
 0.007925
 0.002909
 0.0006501
 0.005356
 0.006688
 0.006559
 0.007321
 0.01379
 0.004979
 0.00117
 0.0005769
 0.003667
 0.01892
 0.001407
 0.001448
 0.0001626
 0.0006816
 0.01237
 0.0008704
 0.0004949
 0.003655
 0.003066
 0.003329
 0.001075
 0.005718
 0.01602
 0.008857
 0.0005413
 0.001303
 0.006056
 0.00473
 0.002518
  0.0154
 0.0002565
 0.001771
 0.001012
 0.01249
 0.004685
 0.001994
 0.00288
 0.003599
 0.001304
 0.001725
 0.007966
 0.003832
 0.001002
 0.01261
 0.01708
 0.001109
 0.01496
 0.0008883
 0.001619
 0.001038
 0.005881
 0.001495
 0.002483
 0.007785
 0.01311
 0.008345
 0.006602
 0.01843
 0.01059
 0.009105
 0.0006171
 0.001625
 0.001542
 0.008171
 0.00113
 0.0007033
 0.006158
 0.006611
 0.001345
 0.005372
 0.002569
 0.001494
 0.003115
 9.367e-005
 0.004225
 0.004815
 0.007747
 0.0006305
 0.0007894
 0.01015
 0.001471
 0.0001792
 0.0009946
 0.007046
 0.004972
 0.008027
 0.004086
 0.01831
 0.0004008
 0.005744
 0.003737
 0.0001234
 0.003088
 0.0005405
 0.001046
 0.002707
 0.00153
 0.005082
 0.0004397
  0.0077
 0.008365
 0.002218
 0.007467
 0.00714
 0.0004533
 0.004303
 0.003353
 0.001037
 0.0004468
 0.0007858
 0.003678
 0.000491
 0.00377
 0.001859
 0.01225
 0.007909
 0.002924
 0.0001216
 0.01374
 0.0002898
 0.004098
 0.006088
 0.006174
 0.01097
 0.0002766
 0.005166
 0.008268
 0.01347
 0.01199
 0.007525
 0.005813
 0.001528
 0.006429
 0.01078
 0.002355
 0.004567
 0.000748
 0.004523
 0.01756
 0.002087
 0.001824
 0.003997
 0.0009173
 0.003998
 0.005376
 0.002166
 0.01536
 0.0008564
 0.002173
 0.005312
 0.0002225
 0.00895
 0.008063
 0.001785
 0.002975
 0.001623
 0.00197
 0.001532
 0.001115
 0.000544
 0.005148
 0.008076
 0.004972
 0.01414
 0.003475
 0.003479
 0.001349
 0.004014
 0.00101
 0.001996
 2.709e-005
 0.01203
 0.0002995
 0.005341
 0.0003416
 0.0006122
 0.001001
 0.002711
 0.001799
 0.004263
  0.0111
 0.0004998
 0.01109
 0.000803
 0.001771
 0.006446
 0.00741
 0.01722
 0.01073
 0.001087
 0.002129
 0.005827
 0.0003221
 9.746e-005
 0.01397
 0.00423
 0.005548
 0.003667
 0.002276
 0.002565
 0.006641
 0.000324
 0.004554
 0.004983
 0.007812
 0.006447
 0.001334
 0.00317
 0.00422
 0.007992
 0.0002298
 0.01145
 0.004205
 0.003602
 0.003935
 0.006204
 0.004186
 0.001752
 0.006215
 0.00579
 0.001312
 0.006108
 0.001889
 0.003745
 0.004477
 0.004869
 0.004347
 9.948e-005
 0.007312
 0.001275
 0.008571
  0.0136
 0.002252
 0.0002342
 0.01025
 0.002044
 0.0006673
 0.0003167
 0.006503
 0.003131
 0.002708
 0.007205
 0.0007993
 0.009756
  0.0194
 0.001648
 0.0003786
 0.002263
 0.00102
 0.001565
 0.001858
 0.001712
  0.0114
 0.0007362
 0.0007217
 0.002394
 0.009958
 0.0001222
 0.005256
  0.0178
 0.001959
 0.009912
 0.004775
 0.01159
 0.004136
 0.003946
 0.00782
 0.007261
 0.003518
 0.01036
 0.004442
 0.01019
 0.001371
 0.004554
 0.005396
 0.001505
 0.004016
 0.00481
 0.002651
 0.009826
 0.004753
 0.01397
 0.004225
 0.003497
 0.002633
 0.005809
 0.007888
 0.000228
 0.002186
 0.002352
 0.0009786
 0.001391
 0.009919
 0.006545
 0.008112
 0.0006343
 0.01152
 0.01311
 0.002658
 0.006373
 0.003748
 0.003452
 0.009424
 0.002884
 0.003828
 0.004429
 0.005223
 0.01033
 0.01295
 0.009532
 0.005467
 2.19e-005
 0.002957
 0.004018
 0.004015
 0.0008605
 0.001935
 0.006106
 0.002352
 0.001357
 0.004636
 0.0003596
 0.000849
 0.004825
 0.01297
 0.0007676
 0.002509
 0.001989
 0.01003
 0.002468
 0.007126
 6.411e-005
 0.006039
 0.001326
 0.003551
 4.597e-005
  0.0109
 0.0002176
 0.0007759
 0.003232
 0.003934
 0.001349
 0.009801
 0.003428
 0.001135
 0.002923
 0.001694
 3.59e-006
 0.0008489
 0.002995
 0.01141
 0.00781
 0.000977
 0.001752
 0.004725
 0.01236
 0.0002185
 0.001906
 0.002784
 0.002155
 0.0001778
 0.00155
 0.01042
 0.001991
 0.00406
 0.001887
 0.004905
 0.001565
 0.007515
 0.0009195
 0.0007164
 0.01049
 0.0001546
 0.0003482
 0.0001233
 0.001281
 0.002369
 0.01032
 0.007514
 0.007337
 0.002639
 0.001211
 0.002305
 0.003312
 0.00386
 0.002469
 0.004837
 0.009719
 0.005951
 0.004249
 0.01536
 0.01807
 0.01021
 0.008144
 0.007199
 0.003742
 0.004896
 0.0003567
 0.001366
 0.0004742
 0.007333
 0.001721
 0.005192
 0.008664
 0.008084
 0.004244
 0.0007729
 0.01215
 0.003801
 0.0006593
 0.0005414
 0.002014
 0.005321
 0.001449
 0.009411
 0.0006378
 0.001688
 0.004831
 0.001171
 0.001501
 0.003394
  0.0012
 0.01719
 0.01312
 0.02235
 0.001851
 0.003259
 0.002426
 0.002911
 0.00609
 0.002101
 0.001082
 0.002448
 0.005849
 0.007218
 0.000708
 0.003216
 0.0006949
 0.00166
 0.00208
 0.001214
 0.002876
 0.001313
 0.002727
 0.002716
 0.009705
 0.002154
 0.002628
 0.01258
 0.001674
 0.002264
 0.01105
 0.01541
 0.003109
 0.003362
 0.0002334
 0.008966
 0.0003505
 0.0003886
 0.005367
 0.003751
 0.004306
 0.0001177
 0.002411
 0.000943
 0.005338
 0.003335
 0.00371
 0.004073
 0.01422
 0.003212
 0.001865
 0.01271
 0.000917
 0.001353
 0.009018
 0.001317
 0.001899
 0.01283
 0.001168
 0.01893
 0.004892
 0.0009232
 0.003683
 0.003926
 0.005187
 0.004595
 0.0003715
 0.0001591
 0.001827
 0.003459
 0.0009121
 0.002785
 0.01762
 0.001329
 0.002976
 0.004677
 0.003127
 0.009858
 0.009514
 0.004355
 0.001834
 0.007102
 0.00439
 0.001083
 0.003675
 0.0008105
 0.002118
 0.004454
 0.01235
 0.00408
 0.001447
 0.01847
 0.02201
 0.004525
 0.02404
 0.01036
 0.0003283
 0.001944
 0.007559
 0.0001909
 0.002237
 0.01047
 0.004883
 0.005357
 0.0005694
 0.0004224
 0.001013
 0.001729
 0.002511
 0.01168
 0.009638
 0.0005462
 0.00364
 0.0009484
  0.0321
 0.003991
 0.009214
 0.03443
 0.006537
 0.0004967
 0.01275
 0.002079
 0.002021
 0.002824
 0.003978
 0.006602
 4.004e-005
 0.00274
 0.01285
 0.005301
 0.0001405
 0.002416
 0.003411
 0.001086
 0.01082
 0.007233
 0.001685
 0.003724
 0.001952
