   1.026
  0.1044
  0.2667
  0.1077
  0.1905
 0.02061
  0.1853
  0.0594
  0.2312
  0.3472
  0.8018
  0.1858
 0.05727
  0.1984
 0.04545
  0.1767
 0.04374
   0.396
   0.264
  0.2168
 0.08036
  0.2655
 0.05181
  0.0414
  0.1125
  0.4392
  0.1848
  0.7616
  0.0741
  0.6179
 0.01876
  0.4098
  0.4299
 0.02459
 0.07142
 0.06794
 0.05191
  0.2225
 0.06896
  0.3178
  0.2079
  0.1822
  0.1965
  0.2224
  0.2582
 0.02383
  0.1134
  0.1238
  0.1031
 0.05338
  0.1285
  0.1593
 0.006083
 0.08568
 0.04576
  0.2492
  0.1128
  0.2918
  0.3597
  0.2333
  0.6884
 0.06968
 0.09979
  0.2667
  0.1844
  0.3065
  0.3115
 0.04439
  0.6323
  0.2461
  0.4192
 0.01356
 0.09629
  0.2504
  0.1447
  0.1528
 0.002226
 0.04251
   0.199
  0.1712
  0.3537
  0.3562
 0.06603
  0.1353
  0.2651
 0.04236
  0.2541
  0.1324
  0.1819
 0.05861
  0.1203
 0.04769
 0.07919
   1.085
 0.07274
 0.08803
  0.5374
   0.573
  0.1326
 0.03987
  0.1747
  0.2686
  0.2052
 0.02048
  0.2241
  0.2433
  0.5344
 0.05124
  0.4383
  0.1015
 0.01605
  0.6363
 0.05951
 0.04092
  0.1143
  0.1469
   0.051
  0.3154
 0.01105
  0.1526
  0.2476
  0.4234
   0.267
  0.1734
 0.03671
  0.1783
 0.02263
  0.2864
  0.2119
 0.02645
  0.2205
  0.0614
  0.4318
 0.07014
  0.4024
  0.5114
  0.0722
 0.02063
 0.03365
  0.3006
 0.02968
 0.06103
 0.01125
   0.206
  0.1262
  0.3497
 0.04911
  0.2197
 0.06672
  0.2326
  0.1343
  0.4456
    0.16
 0.03858
  0.7028
  0.3462
 0.06336
  0.1876
 0.01675
  0.8156
  0.1589
  0.3901
  0.1935
  0.1312
  0.2071
  0.4808
  0.3575
  0.1698
  0.0104
  0.1118
  0.1262
 0.04969
  0.1558
 0.07651
  0.3718
  0.2158
 0.05546
 0.06728
  0.4809
  0.6528
   0.235
  0.1035
 0.07329
  0.1788
  0.4617
  0.2234
  0.1137
  0.7195
  0.1088
  0.1747
  0.1411
 0.01088
  0.1013
  0.2254
  0.1946
  0.3967
  0.2071
  0.0237
   0.345
 0.01618
  0.2395
 0.05113
 0.03292
  0.1758
  0.4232
  0.0197
  0.2595
 0.008309
 0.08976
 0.02004
  0.3145
  0.1149
 0.05202
  0.1287
  0.3101
  0.2165
  0.1557
  0.4666
  0.1048
 0.01241
 0.09996
 0.008831
  0.2192
 0.0004293
  0.8078
 0.02329
  0.6236
  0.1157
  0.2193
  0.1136
 0.02445
  0.1271
 0.005378
 0.004325
  0.1336
  0.4664
  0.5434
 0.02604
  0.8235
  0.3388
   0.187
  0.3086
 0.03185
 0.02634
  0.2268
  0.1124
 0.04807
 0.02879
 0.05828
  0.1012
  0.0384
 0.02485
  0.7288
  0.1476
  0.3671
  0.3959
 0.01761
  0.2347
  0.4647
 0.05571
  0.1343
  0.1041
   1.013
   0.304
  0.3399
 0.08519
  0.2818
  0.0461
   0.133
  0.5433
  0.4533
 0.003614
  0.2861
  0.4408
 0.05896
 0.01077
  0.3434
  0.3239
   0.401
 0.008355
  0.3403
  0.2321
 0.003034
 0.03821
  0.5709
  0.1595
 0.07462
  0.2177
  0.1325
  0.5972
  0.2712
 0.07281
  0.4514
  0.1643
  0.2685
 0.008549
  0.3815
  0.2643
 0.05442
  0.1488
 0.07607
 0.01249
   0.274
   0.226
  0.1847
  0.5521
  0.1015
 0.05894
  0.1147
 0.02593
 0.004919
  0.1065
 0.00335
 0.07212
 0.04722
 0.06091
 0.01674
  0.2145
  0.0892
  0.1152
   0.665
  0.1082
  0.2835
  0.2138
  0.2195
  0.1117
  0.1999
  0.0666
  0.4828
  0.2488
 0.04876
  0.4433
 0.04635
 0.006763
  0.3359
  0.3483
  0.4937
  0.1228
  0.3882
   0.288
 0.07357
  0.5054
  0.7128
 0.06612
  0.1994
  0.2997
 0.008503
  0.1069
 0.03696
 0.09493
 0.06213
 0.04882
 0.07258
   0.197
 0.05213
 0.07971
  0.1751
  0.1553
  0.6155
  0.1539
  0.2989
  0.3361
  0.7096
  0.0818
   0.558
 0.09667
 0.09578
  0.1356
  0.1304
  0.8702
  0.4859
  0.1869
 0.04856
  0.2609
  0.8976
  0.2265
  0.1167
   0.204
  0.3124
  0.2156
  0.9019
  0.0551
 0.07544
 0.006271
 0.06755
 0.02266
  0.1156
 0.08701
  0.1115
  0.1117
  0.8585
  0.3585
 0.05175
  0.1689
  0.3066
  0.4416
 0.06926
  0.2054
  0.2606
  0.2483
 0.01562
 0.01087
  0.3738
  0.3419
  0.5665
  0.0164
 0.08826
  0.2004
 0.05254
  0.1098
  0.2676
 0.00624
 0.07781
  0.3009
  0.3053
  0.4859
  0.2356
 0.09913
  0.2201
  0.2854
  0.7794
   0.195
 0.002072
 0.04585
 0.01002
  0.1438
  0.5502
  0.1761
 0.01036
  0.0832
 0.02965
  0.1436
  0.1328
  0.0415
  0.5595
  0.1123
 0.06176
  0.1392
 0.08833
 0.03928
   0.302
  0.2142
 0.03601
  0.1634
  0.5989
   0.147
  0.6144
  0.4433
 0.07194
 0.001793
 0.04361
  0.1743
 0.004392
  0.2134
 0.07338
  0.2292
 0.003939
 0.03786
  0.2467
  0.1207
  0.9998
 0.001969
  0.4424
  0.5237
  0.1348
  0.5099
  0.1282
   0.127
  0.7046
  0.1501
 0.06314
 0.08468
  0.4044
  0.4155
  0.0871
 0.06399
  0.2118
   1.629
 0.02295
   1.474
  0.4561
  0.1357
 0.07303
  0.3781
 0.08148
 0.01208
 0.03439
 0.07031
  0.5081
  0.0168
 0.09658
  0.1486
  0.4649
 0.04008
 0.06228
  0.8654
   0.411
  0.3098
  0.2614
  0.7156
  0.3625
  0.2339
 0.09532
   0.036
 0.06509
  0.1864
  0.1753
 0.04675
 0.04794
  0.2748
  0.1502
 0.06246
 0.06034
 0.09341
 0.06531
  0.1799
  0.2406
  0.0899
  0.3718
 0.01647
  0.1532
  0.2925
 0.05496
  0.3546
  0.1635
 0.09787
  0.1598
  0.2565
  0.1059
 0.07589
  0.8984
  0.6793
  0.2076
  0.1458
  0.6618
  0.2207
   0.313
 0.09661
 0.02968
 0.09998
  0.1059
 0.06942
  0.1363
  0.2611
 0.03758
 0.04013
  0.1006
  0.3738
  0.4566
 0.02051
  0.2083
 0.01265
  0.2058
  0.2913
   0.165
  0.1028
  0.2722
  0.0342
 0.004033
 0.03628
  0.4396
 0.007676
  0.1522
  0.1326
 0.03942
  0.1567
 0.07277
  0.4361
 0.04168
  0.2667
 0.07049
  0.3932
 0.005793
 0.03729
 0.06787
  0.1064
  0.1061
  0.1195
  0.5527
   0.203
  0.2483
  0.3181
  0.3763
 0.06414
 0.00505
  0.1872
  0.1982
 0.06326
 0.05452
 0.004747
  0.6327
 0.08548
 0.01821
  0.1325
  0.2058
  0.1633
 0.04897
  0.0707
   0.231
  0.3824
 0.05774
 0.04402
 0.08378
   0.204
  0.3748
  0.4786
 0.04216
 0.08632
  0.2877
  0.2464
 0.04094
 2.822e-005
   0.505
  0.9089
  0.2599
  0.2769
  0.1244
  0.3453
  0.2564
  0.1265
  0.3484
  0.1456
  0.2071
 0.07122
  0.3087
 0.04156
   0.183
  0.0491
  0.1562
 0.07492
 0.09713
  0.1808
  0.2855
 0.07069
  0.1618
   0.288
  0.2078
 0.008185
  0.1317
  0.1707
 0.001153
  0.1342
  0.1093
  0.6683
 0.07305
 0.04672
  0.1676
   0.146
  0.2685
   0.566
 0.02653
 0.005292
 0.06665
 0.03707
  0.0901
  0.0108
  0.2925
  0.2268
  0.2308
  0.1366
  0.5453
 0.02522
  0.2313
  0.0318
  0.1375
   0.168
 0.04866
 0.06075
  0.0469
 0.02013
  0.1181
 0.02426
  0.5102
 0.07782
    0.52
  0.1652
  0.2102
  0.8309
  0.2093
  0.1889
  0.2005
   0.137
 0.02447
  0.7334
  0.1007
  0.1432
 0.09964
  0.2032
  0.3366
  0.1337
 0.03953
  0.1092
 0.03874
 0.05679
  0.4053
  0.1549
 0.05584
  0.1554
  0.1868
 0.03667
   0.076
  0.1867
  0.0899
 0.0005003
 0.06926
  0.2696
   0.789
  0.3479
  0.2651
  0.3775
 0.05843
 0.01236
  0.5231
 0.003589
  0.7509
 0.08463
  0.5728
 0.01542
 0.003062
 0.01818
  0.2442
 0.03176
 0.09077
 0.005442
 0.009813
 0.05221
 0.04829
  0.3245
  0.3032
  0.2733
 0.001834
   0.143
  0.2763
 0.02211
  0.1435
 0.06295
  0.4588
 0.06396
  0.4035
  0.3048
 0.08288
 0.08077
  0.2169
  0.4526
  0.1028
 0.007786
  0.9161
 0.03705
  0.2451
 0.09872
  0.1437
  0.1127
 0.05031
 0.04148
  0.1478
 0.08437
 0.08045
   0.182
 0.001106
  0.6938
  0.4392
  0.2502
  0.2432
 0.07815
 0.06802
 0.02566
 0.03891
  0.5917
  0.1479
   0.121
   0.402
  0.1258
 0.05655
  0.6807
 0.03384
 0.03256
  0.3653
 0.01848
  0.1145
    0.13
  0.1259
  0.8935
 0.03613
  0.2414
 0.03186
 0.03024
  0.5412
  0.1035
  0.3292
  0.4266
  0.1478
 0.01431
 0.08619
  0.7626
  0.7132
  0.2023
  0.2517
   0.041
  0.2032
 0.01407
   0.577
  0.3348
 0.05995
   0.481
 0.05401
  0.0666
 0.003242
  0.3851
 0.003987
  0.2403
  0.1814
 0.07211
 0.001366
  0.1029
 0.05888
   0.527
 0.06047
   0.154
  0.4217
 0.05429
 0.05948
    0.19
 0.009552
 0.02889
  0.5822
 0.01421
  0.0199
  0.1311
   0.335
  0.3552
 0.03886
  0.2162
  0.5809
  0.4245
 0.07924
 0.03063
 0.01923
  0.3353
  0.1486
 0.007937
  0.2584
   0.103
   0.279
  0.2246
 0.02248
 0.03537
 0.01299
 0.03118
 0.08454
  0.4787
  0.2042
  0.4183
  0.1242
 0.07827
  0.3922
 0.04372
  0.1219
  0.1455
 0.08732
  0.4383
 0.08931
  0.1773
 0.01538
  0.2837
 0.07336
 0.04182
 0.08667
 0.04338
  0.1796
 0.01826
  0.6521
  0.2662
   0.267
  0.2611
 0.04085
  0.1963
  0.1584
  0.3211
  0.4083
 0.09572
 0.03965
  0.3089
  0.1378
 0.08662
 0.04572
  0.1573
  0.0553
 0.06736
  0.2181
  0.3855
 0.006132
   0.441
 0.03002
  0.8817
  0.1891
 0.09904
   0.333
 0.06265
  0.1903
 0.02105
   0.147
  0.2028
  0.1879
  0.7451
  0.3611
 0.04717
 0.03855
 0.04105
 0.02333
  0.3728
  0.6344
  0.2202
  0.1586
  0.2421
  0.2652
  0.2369
 0.06127
  0.3287
  0.1288
   0.114
 0.08598
  0.1895
  0.1039
  0.1454
  0.5367
  0.1651
 0.01455
  0.1783
 0.05431
  0.2113
  0.1005
  0.4379
   0.214
   1.033
   0.276
  0.3127
  0.3249
 0.09472
 0.001027
 0.09783
   0.172
   0.355
  0.1872
 0.007539
 0.05205
 0.04119
  0.1992
  0.5482
  0.1098
  0.2051
  0.3669
  0.2237
 0.06963
 0.07759
  0.2855
   0.322
  0.1461
  0.3687
  0.2629
 0.09802
 0.09217
   0.408
  0.7486
  0.1786
  0.3055
   0.234
  0.2161
 0.04746
   0.109
  0.2867
  0.6221
 0.06032
  0.2608
 0.06768
 0.02126
  0.1469
 0.001162
  0.2941
   0.126
 0.02262
  0.1237
  0.1735
  0.1931
 0.006809
 0.06543
  0.1442
 0.09436
  0.2952
  0.2282
 0.08865
  0.4181
  0.3365
  0.8599
  0.1208
  0.2038
 0.05455
  0.2278
  0.0587
   0.197
 0.06264
  0.1263
