   7.095
   8.603
   2.804
   5.985
   6.556
   6.119
   8.535
   8.558
   6.909
   3.859
   6.685
   7.571
   7.821
   1.463
   2.585
   2.015
   2.163
   4.148
   8.521
    4.21
    7.51
   2.211
   3.229
   3.305
   1.636
   6.527
   3.402
   8.776
   2.024
   4.048
   7.183
   5.926
   1.355
   1.306
   1.668
   7.388
   7.015
   3.908
    2.41
   8.622
   8.596
   4.042
    4.91
   7.417
   1.388
   7.973
   8.125
   7.391
   1.887
   7.545
   5.966
   5.486
   7.292
   7.678
   2.794
   3.477
   3.005
   5.872
   4.926
   3.465
   2.132
   3.706
   4.131
   3.378
   4.979
   2.334
   1.131
   8.475
   6.558
    5.99
   5.101
   2.839
   4.084
   1.487
   1.171
   8.886
   4.474
   1.715
    5.92
   2.857
   7.849
   1.141
   2.884
   6.322
   7.033
   3.313
   6.051
   1.678
   3.051
   8.355
   3.361
   7.651
   4.635
   8.469
    4.21
   2.796
   3.717
   7.437
   6.943
   8.996
   6.934
   8.116
   6.361
    6.96
   3.125
   7.945
   1.218
   3.727
   2.832
   2.438
   1.719
   4.165
   5.801
   4.688
   5.026
   6.467
   8.481
   8.868
    2.75
   5.656
   3.524
   1.726
   4.458
   5.084
   3.284
   6.089
   5.168
   3.931
    7.32
   4.365
   8.853
   8.702
   1.893
   6.036
   3.938
   4.734
   7.467
   3.166
   2.801
   7.691
    6.21
   5.893
   1.274
   3.063
   5.492
   5.936
   2.142
   5.671
   5.388
   4.091
   6.642
   7.163
   6.173
   5.734
   5.965
   3.515
   7.828
   8.316
   4.756
   6.531
   1.537
   4.869
   4.611
   7.343
   1.184
   3.501
   3.582
   3.911
   2.861
   6.899
    3.67
   4.526
   8.358
   7.829
   2.333
   7.302
   8.672
   8.633
   7.981
   3.685
   7.502
   8.734
   7.476
   5.948
   4.749
    8.13
   5.634
   2.692
   4.018
   2.899
   8.724
   2.346
   4.118
   4.697
   7.969
   4.668
   6.559
   4.259
   3.043
   4.242
   7.056
   6.895
   1.576
   1.983
   3.027
   3.996
   2.648
   8.632
   1.092
   8.531
   4.294
   8.259
   8.575
   2.545
   3.002
   1.762
   1.002
   4.663
   1.214
   2.367
   1.604
   1.589
   6.822
   7.128
   8.813
   7.601
   8.675
   8.428
   3.767
   4.061
   8.072
   5.476
   5.804
   6.904
   2.267
   7.812
   7.967
   6.145
   7.967
   6.803
   8.501
   1.378
    4.83
   3.142
   2.355
   5.275
   6.971
   2.354
   4.681
   7.085
   6.455
   2.288
   2.335
   8.134
     4.8
   4.625
   1.373
   1.331
   4.479
   2.372
   2.558
   6.657
   8.418
   7.363
   8.853
   2.675
   3.495
   5.764
   8.927
   2.025
   8.041
   1.564
   8.649
   6.926
   7.341
   4.085
   6.594
   4.674
   1.132
   7.474
   1.538
   3.144
   3.107
   2.207
   7.961
   2.287
   8.408
   2.588
   7.547
   5.635
   1.133
   2.251
   4.681
   7.797
   1.832
   1.654
   1.954
   5.959
   3.009
   3.587
   7.657
   3.387
    8.62
   8.667
   3.286
   4.925
   1.574
   2.837
    7.04
   4.492
   7.236
   8.872
   1.321
    4.59
    4.92
   1.873
   4.233
   3.796
   7.395
   8.768
   5.085
   8.264
   4.385
   7.814
   3.888
    3.23
   2.063
   4.098
   2.857
   4.506
   6.559
   1.033
   5.908
   5.981
   7.453
    3.86
   2.163
   7.123
   1.282
   7.149
   5.445
    8.48
   7.032
   6.299
   5.781
   7.175
   1.644
   1.036
   8.901
   8.411
   7.513
   6.912
   3.738
   4.969
   3.985
   2.812
   1.928
   4.708
   6.861
   6.445
   5.311
   2.065
   3.895
    5.85
   5.429
   5.555
   2.292
   2.894
   7.029
   1.272
   4.213
   8.771
   3.557
   4.386
    6.27
   7.504
   8.667
   6.647
    7.03
   7.445
   7.714
   3.883
    6.51
   4.773
   5.254
   7.499
   5.684
   2.995
   8.551
    7.98
   5.977
   8.446
   3.067
   2.387
   8.767
    1.79
   7.971
   5.862
   6.886
   5.519
   3.634
    7.12
   8.118
   7.452
   3.128
   3.961
   2.701
   4.238
   3.731
   6.756
   2.826
   4.852
   2.422
   1.961
   2.137
     2.1
   3.385
   3.604
   7.232
   8.112
   1.507
   8.796
    5.16
    1.85
   5.875
   1.222
   2.925
   4.602
   7.284
   2.649
   2.984
   3.484
   1.728
   4.419
   2.746
   2.943
   5.906
   2.954
   2.074
    4.25
   8.721
   3.254
   2.784
   1.006
   2.776
   6.395
   8.145
   6.642
   7.881
   5.035
   6.378
   1.914
   6.545
   2.905
   2.161
   2.407
   7.485
    2.32
    8.12
   6.035
   5.117
   7.668
   4.337
   4.541
   3.062
   4.919
   1.848
   2.993
   5.643
   5.117
   2.139
    7.29
   1.388
   7.889
   4.653
   3.657
   2.526
   4.936
   6.282
    2.15
    4.49
    7.54
   8.874
    8.15
   1.417
   2.059
   2.729
   1.867
   1.647
    1.43
   6.101
   5.841
    3.22
   8.669
   8.696
   8.438
   1.385
   4.368
   3.174
   7.353
   4.087
   6.199
   8.647
   5.108
   7.481
   8.412
   6.183
   4.556
   3.421
   1.334
   2.298
   4.374
   2.964
   6.871
   4.467
   2.571
   3.872
   2.007
   4.614
   7.981
    6.11
   2.303
   2.617
   3.769
   3.344
   1.401
   5.809
   6.926
   6.447
   6.517
   4.473
   7.772
    2.99
    1.95
   3.348
   5.455
   4.752
   8.572
   5.124
   3.451
   7.211
   7.338
   1.945
   5.064
   5.052
   6.777
    6.91
   8.926
    7.66
   6.498
   5.567
   4.498
   6.625
   8.689
    3.42
   7.569
   7.239
   5.614
   1.427
   7.755
   3.998
   7.117
   3.496
   4.001
   4.101
    4.12
    7.99
    8.08
   2.949
   4.121
   7.226
   8.093
   7.647
   2.698
   2.972
   3.969
   4.504
   3.008
    5.95
   2.966
   6.531
   3.283
   3.337
   7.169
   4.942
   8.337
   6.259
   8.991
   8.654
   1.059
     1.3
   2.675
   3.789
   1.917
   5.992
    3.79
   1.169
   8.458
   4.325
   4.734
   3.823
   6.807
   2.239
   2.233
   6.479
   7.165
   3.128
   8.841
   3.071
   7.314
    7.34
   8.441
   2.235
   4.113
   3.674
   7.743
    2.81
   4.998
   8.884
   7.786
    1.34
   7.485
   3.177
   7.436
   7.569
   2.667
   1.712
   6.888
   3.946
   2.716
   6.103
   3.165
   1.123
    4.38
   3.914
   1.619
   5.456
   8.488
   8.165
   3.428
   2.501
   7.446
   8.828
     1.1
   4.522
   4.736
   4.329
    5.97
    1.98
   2.422
   1.046
   3.702
   3.046
   4.643
    4.81
   5.787
   1.088
   5.118
   4.406
   5.046
    6.18
   6.642
   3.072
   3.125
   4.601
   8.592
   1.999
   6.003
   6.328
   2.418
   7.831
   3.481
   4.546
   7.152
   8.165
   4.694
   7.141
   8.903
   3.051
     1.6
   4.202
   4.358
   4.493
    4.49
   7.522
   4.282
   3.947
   5.479
   2.096
   5.018
   3.824
   6.013
   1.623
   7.988
   8.985
   4.364
   8.005
   7.191
   2.246
   7.133
   2.846
   8.704
   7.877
    8.75
   2.956
   2.184
   3.101
   2.972
   3.844
   4.365
   5.591
   2.384
   3.226
   6.557
   8.977
     1.9
   8.519
   2.153
    6.34
   6.262
   4.344
   6.119
   5.715
    1.54
   8.024
   2.502
   5.589
    6.63
   5.086
   3.927
   2.404
   4.761
    4.76
   7.097
   6.054
   2.985
   7.479
   4.291
   7.385
   3.685
    4.38
    2.87
   1.698
   8.071
   8.802
   4.769
   4.247
   3.683
   7.787
   2.005
   1.737
   7.886
   1.581
    4.17
   7.829
   7.376
   3.132
   1.936
   6.636
   1.675
   5.593
   2.552
   8.223
   6.635
   5.819
   1.346
   8.109
   1.935
   3.867
   1.224
   2.767
   6.582
   2.499
   8.169
   5.122
   2.412
   6.679
   2.744
   4.052
   1.587
   7.075
   7.588
   3.889
   2.101
   3.557
   2.921
   7.918
   7.272
   4.699
   2.038
   1.875
   5.249
   3.278
   6.814
   1.453
   4.507
   7.774
   3.201
   3.795
   5.352
   1.869
   4.731
   2.999
   3.414
   7.951
   8.012
   5.614
   1.155
   6.608
   4.231
   6.144
   3.364
   8.134
   6.653
   2.546
   4.656
   4.022
   6.122
    3.73
   8.978
   6.474
   6.559
   5.057
     1.1
   7.889
   4.464
   3.845
   6.126
   4.374
   8.413
   6.861
   4.984
   3.235
   2.564
   5.829
   1.931
   6.486
   6.149
   8.923
   4.052
   2.339
   4.981
   8.272
   8.763
   4.713
    2.95
   3.458
   7.303
   4.727
   1.524
   1.015
   4.243
   2.206
   3.249
   5.931
    4.98
   5.177
   7.251
   5.147
   3.242
   5.369
   4.732
   7.057
   8.582
   1.716
   6.472
   1.007
   1.882
   7.854
    6.33
     4.8
   2.853
   3.622
   8.743
   8.187
   1.533
   6.562
   8.228
   4.375
    1.79
   7.421
   8.876
   5.524
   8.817
   1.647
   3.859
   2.248
   8.639
   4.892
   2.926
   3.111
   3.605
    4.51
   3.906
   2.132
   7.896
   7.061
   4.205
   2.285
   3.018
   5.805
   4.305
   6.994
   5.307
   4.206
   3.269
   3.637
   5.426
   7.432
   2.237
   3.047
   3.868
   5.854
   7.927
   7.007
   6.452
   6.546
   4.137
   7.756
   3.825
   8.783
   3.239
   3.485
   6.965
   3.547
   1.688
   5.838
   2.675
    5.02
   7.513
   7.411
   5.088
   2.089
   3.824
   5.255
   3.164
   5.842
   8.307
   8.374
   4.191
   1.073
   4.728
   5.223
   5.287
   1.777
    2.43
   3.214
   4.895
   2.652
   7.834
   4.208
    6.29
   2.601
    3.94
   4.021
   5.072
   4.229
   1.825
   7.923
   8.671
   5.343
   4.146
   6.135
   7.843
   6.456
   8.636
   5.334
   4.174
    2.28
   3.607
   4.146
   5.578
   5.234
    3.45
   8.655
   5.796
   4.939
   4.132
   7.894
   3.899
   7.717
     2.7
   5.351
   7.783
   4.096
   8.778
   2.468
   5.676
   8.307
    8.07
   6.138
   1.632
   1.781
   5.855
   4.208
   3.032
   4.655
   6.493
    4.98
   8.088
    3.27
