 0.02251
 0.04228
  0.1065
   0.136
 0.09135
    0.01
 0.07828
  0.0178
 0.008129
 0.00295
  0.1357
 0.05938
 0.005108
  0.1026
 0.01247
 0.04015
  0.2614
  0.3266
 0.07213
  0.1226
 0.007644
 0.06928
 0.02762
 0.06302
  0.1093
 0.07671
 0.09024
  0.3184
 0.01861
 0.02098
 0.04968
 0.04983
  0.2018
 0.009789
  0.1182
  0.1684
 0.04838
 0.005632
 0.01299
 0.02944
 0.07412
 0.06894
 0.09244
 0.06065
 0.04917
 0.03212
  0.2819
 0.07103
 0.04955
  0.1617
 0.02891
  0.0358
 0.04935
 0.00489
 0.07763
 0.01087
  0.1212
  0.1105
 0.07963
 0.01163
 0.02608
 0.01768
  0.1581
 0.01178
 0.04471
  0.1274
   0.106
  0.2918
 0.03333
 0.05463
 0.07177
 0.01196
  0.1639
 0.04726
   0.127
 0.03234
 0.08557
 0.06256
  0.1194
 0.0002965
 0.01452
  0.2633
 0.006302
    0.34
   0.139
  0.1255
 0.05267
  0.2695
  0.2861
 0.05366
  0.2594
 0.00834
 0.003211
 0.06143
  0.1637
  0.0699
 0.06291
  0.2432
  0.1823
 0.01285
 0.01015
  0.1846
 0.01751
  0.1097
 0.09681
 0.01617
 0.04551
  0.2581
 0.04673
  0.1659
  0.1366
  0.1013
   0.172
  0.1406
 0.01856
  0.1012
  0.2732
 0.02507
  0.0136
 0.006636
 0.01024
 0.03644
  0.2748
  0.1956
 0.02839
  0.1138
  0.1188
  0.1298
 0.003113
 0.01168
 0.06535
  0.0451
 0.07167
   0.146
 0.02531
 0.01098
  0.1588
 0.03271
  0.1684
 0.04948
  0.0741
  0.1622
 0.03998
  0.1016
 0.03832
  0.2679
  0.2579
 0.06489
 0.09522
 0.002767
  0.2261
 0.05801
  0.3978
  0.1953
  0.2096
 0.07406
  0.1353
  0.0415
  0.1479
  0.1465
  0.1051
  0.1691
  0.2874
  0.1458
 0.05734
  0.1426
 0.006583
 0.03457
   0.012
 0.04379
 0.04303
  0.1485
   0.194
 0.003494
  0.1218
 0.00321
 0.04657
  0.2141
 0.08048
 0.06247
  0.1151
 0.08244
 0.008683
 0.02584
 0.03938
 0.08875
 0.009251
 0.01653
 0.03732
   0.444
 0.03642
  0.1043
 0.03602
  0.0978
 0.04878
  0.0424
 0.08932
 0.04262
  0.2033
 0.04418
 0.03173
  0.2683
 0.03088
 0.01235
 0.01363
  0.2431
 0.02379
  0.1106
   0.149
 0.02254
 0.05365
  0.0987
  0.2444
  0.0718
  0.2189
 0.04301
 0.004451
 0.01251
   0.135
  0.1028
  0.1138
 0.007379
 0.07875
 0.05441
  0.1064
 0.01147
  0.0239
 0.01524
   0.152
 0.008865
 0.004602
 0.03857
 0.01656
  0.0594
  0.1686
  0.0422
 0.01023
 0.009065
 0.009061
  0.1461
 0.03767
 0.04711
   0.135
 0.006221
 0.004819
 0.04425
  0.1006
  0.2379
  0.1337
  0.1821
 0.02872
 0.01933
  0.1108
  0.0178
  0.1792
 0.01409
 0.07807
  0.1041
 0.09197
 0.01477
  0.1438
 0.05015
  0.1262
 0.02374
 0.05879
 0.07411
 0.03703
 0.08553
  0.0718
 0.003732
 0.07918
 0.03524
   0.135
 0.003323
  0.1788
 0.09823
  0.1629
 0.09061
  0.1005
  0.2061
 0.04244
 0.04697
  0.1607
  0.1019
 0.01011
  0.1576
 0.05015
  0.1237
  0.1314
  0.3105
  0.3312
 0.04479
 0.04098
  0.3527
 0.03888
 0.006483
 0.006547
  0.1089
 0.005519
  0.1936
 0.03192
 0.02965
 0.005198
 0.03218
  0.2211
 0.07432
   0.529
 0.07361
 0.01205
  0.1647
 0.01934
 0.03644
 0.08359
 0.02982
  0.1234
 0.02238
 0.09046
 0.07353
   0.076
 0.03776
 0.004996
 0.04952
 0.05279
  0.2655
 0.03209
   0.022
 0.01004
  0.1785
 0.09233
 0.05162
 0.02564
 0.01961
 0.01055
  0.0427
  0.1078
  0.1279
 0.06239
 0.07978
 0.04675
  0.1284
 0.09141
 0.06449
 0.05812
 0.02844
  0.0277
 0.002416
 0.03293
  0.1469
 0.01461
  0.2279
 0.07701
  0.2673
 0.01691
 0.09007
  0.0445
  0.1439
 0.04211
   0.107
 0.02775
   0.101
 0.006045
 0.03185
 0.02313
 0.07547
  0.1192
  0.1766
  0.1843
  0.1219
 0.03927
 0.08708
 0.05096
 0.03232
 0.02222
 0.02138
   0.168
  0.1161
 0.01151
 0.01309
  0.1332
 0.06038
 0.04136
 0.04639
  0.1149
 0.07435
  0.2515
 0.01308
 0.008397
 0.003197
 0.04269
   0.383
 0.01485
 0.06951
 0.004933
  0.1468
 0.02713
 0.008002
 0.002113
 0.02593
  0.1506
 0.03016
 0.02478
 0.02049
  0.0377
  0.0212
 0.08058
 0.05062
  0.0728
  0.1237
   0.255
 0.01678
 0.05256
 0.03311
 0.01206
 0.07489
 0.03142
 0.02827
 0.01274
 0.04727
  0.1328
 0.08428
 0.01003
 0.06912
 0.002959
 0.05835
 0.04447
 0.06196
 0.08811
  0.1086
 0.09841
 0.008295
  0.1543
 0.04557
  0.2538
  0.1617
 0.04683
 0.06231
 0.07729
  0.1178
  0.2221
 0.04053
 0.06406
 0.09264
  0.0801
 0.02936
 0.01578
  0.2779
 0.07284
 0.007239
 0.06415
 0.004703
  0.1333
 0.08733
  0.0316
  0.3101
 0.01647
 0.06601
  0.2098
  0.2319
 0.08697
 0.06425
 0.06579
  0.1864
 0.01791
 0.01379
 0.02317
 0.008296
    0.23
 0.02493
  0.2906
 0.09044
 0.01774
 0.08028
 0.08991
  0.0128
 0.06266
  0.0504
 0.02806
 0.006273
  0.1502
 0.0006661
  0.2081
 0.06516
 0.03994
 0.009532
  0.1295
   0.118
  0.1752
  0.1085
 0.03669
 0.07639
 0.06558
 0.06654
 0.03784
 0.01796
 0.01534
 0.06267
  0.2001
 0.05203
 0.01508
  0.0501
 0.05708
  0.1011
 0.08697
  0.0585
 0.009279
  0.0114
 0.05478
  0.1476
 0.02464
 0.04961
 0.03623
 0.008157
 0.005649
 0.04639
  0.1458
 0.003728
 0.03138
 0.04828
 0.04422
 0.006669
 0.05865
 0.003559
 0.08167
   0.133
  0.2235
 0.06259
 0.004147
 0.07246
  0.1103
 0.05717
 0.04224
 0.01235
  0.2796
 0.04393
 0.07226
 0.006436
 0.08835
 0.01438
  0.1185
 0.05076
  0.1664
 0.08149
 0.04486
 0.03854
  0.1195
 0.02281
 0.04473
 0.05572
 0.09299
  0.0673
 0.005352
 0.08186
 0.01334
  0.1318
 0.01542
 0.03099
 0.002259
 0.04644
 0.01026
 0.03469
 0.05723
  0.1068
  0.2048
 0.03556
 0.01436
 0.03144
 0.02612
 0.03712
 0.007493
   0.121
 0.08524
 0.03774
  0.1853
 0.01157
 0.03061
  0.1703
  0.1289
 0.05967
 0.04681
 0.05305
 0.08643
 0.08323
 0.009756
 0.04327
 0.005635
 0.04107
 0.05112
 0.01075
 0.04712
 0.04574
 0.08778
  0.1521
  0.3261
 0.09316
  0.4786
 0.009906
  0.1619
  0.2459
  0.4758
 0.04134
 0.01692
 0.05462
 0.04373
  0.0733
 0.01064
 0.05727
 0.03061
 0.08168
   0.214
  0.1239
  0.0136
 0.002097
 0.001226
 0.01899
  0.1516
  0.0493
 0.003302
 0.03684
  0.1243
  0.0251
  0.2195
 0.00383
  0.2292
 0.009434
  0.2783
  0.1767
  0.2173
 0.05183
  0.1536
  0.1534
 0.003753
 0.01864
  0.1086
  0.1501
 0.03507
 0.01355
 0.03334
  0.0248
 0.09961
 0.09104
  0.2521
 0.06807
  0.1633
 0.01661
 0.06856
  0.1348
 0.06212
  0.1267
  0.1579
 0.02179
 0.04247
  0.1185
 0.02937
  0.1457
 0.02414
 0.01617
 0.02196
   0.173
  0.3452
 0.04709
  0.1874
 0.06226
 0.09823
  0.1423
 0.05786
 0.03709
  0.1083
 0.007893
 0.03005
  0.2373
  0.1185
 0.001791
 0.08817
 0.04196
  0.1509
  0.2917
 0.005629
  0.2613
 0.05054
 0.04846
 0.02725
  0.0645
 0.07909
 0.08715
 0.03207
 0.02935
  0.1759
 0.00678
 0.06892
 0.01733
 0.05004
 0.00419
  0.1325
  0.0636
 0.02101
 0.02705
 0.02762
 0.07332
  0.1533
 0.04792
  0.1429
 0.007131
  0.1233
  0.1079
  0.1378
  0.1417
 0.03773
 0.04587
 0.03086
 0.01856
  0.1978
 0.05077
 0.009518
  0.1405
 0.09949
  0.2694
   0.125
  0.3745
 0.00872
  0.1546
  0.1119
 0.03602
 0.07839
 0.03545
 0.03313
 0.04192
  0.2072
 0.07785
  0.1604
 0.003737
  0.2814
 0.02094
 0.09059
 0.01951
 0.001676
  0.1383
 0.01863
 0.03652
   0.107
 0.07081
 0.006455
 0.005359
 0.01483
   0.163
 0.01047
  0.0741
   0.225
  0.1079
 0.04989
  0.0473
   0.018
  0.0584
 0.06492
  0.1881
  0.1122
 0.03657
  0.0264
 0.08559
 0.004757
  0.1526
  0.5022
 0.02584
 0.04024
 0.05387
 0.07899
    0.16
  0.1271
 0.03024
 0.07823
 0.06454
 0.01806
  0.0496
 0.01273
 0.006558
 0.05851
 0.09479
 0.007894
  0.0416
 0.07669
  0.3117
 0.01079
 0.01462
 0.04903
 0.007885
  0.1159
 0.03619
 0.01097
 0.009383
 0.04365
  0.1362
  0.2106
 0.000532
 0.05678
  0.1279
   0.039
 0.02182
 0.04985
 0.06603
 0.03478
 0.02293
  0.1409
  0.1931
 0.005195
 0.007207
 0.02881
  0.1229
 0.01991
  0.2491
  0.1368
  0.1182
  0.3479
   0.113
 0.07056
  0.1013
 0.01181
 0.08379
 0.01354
 0.02429
 0.003519
 0.08321
 0.06081
 0.04476
  0.1308
 0.01239
  0.0111
 0.01152
 0.02064
 0.06053
  0.2626
  0.1436
  0.3164
 0.08745
 0.07675
  0.3013
 0.07661
 0.05886
 0.03061
 0.09488
 0.07003
  0.1006
 0.004008
 0.02016
  0.0376
 0.004794
 0.07246
 0.07477
 0.06429
 0.01519
 0.06098
 0.01146
  0.1244
  0.2719
 0.04029
 0.0004222
  0.2534
 0.02582
 0.09257
  0.1484
 0.01871
 0.03786
  0.2052
 0.01938
  0.2999
 0.06906
  0.1151
   0.028
 0.008633
  0.1158
   0.288
 0.03373
    0.16
  0.2771
 0.07505
 0.02917
 0.001547
  0.2461
  0.2236
 0.03698
  0.2381
  0.1058
 0.08496
  0.0595
 0.07763
 0.01143
  0.1282
 0.009215
 0.09552
 0.04575
  0.2039
 0.04581
  0.0764
  0.1375
 0.009166
 0.02248
 0.07798
 0.001042
 0.003209
 0.03844
  0.1493
  0.1566
 0.004858
  0.0253
 0.03573
  0.1227
 0.02153
   0.063
 0.02196
 0.04975
 0.04326
 0.06345
 0.08244
 0.03245
 0.02879
  0.2211
  0.1407
 0.01474
  0.0586
  0.0235
 0.02544
 0.08454
 0.08376
 0.04751
 0.09974
  0.1742
 0.03051
 0.04825
 0.01494
 0.002388
 0.02397
  0.1178
 0.007592
  0.1461
 0.03631
  0.5081
 0.03407
 0.01372
  0.1092
 0.05005
 0.02785
 0.07475
  0.1269
 0.08687
  0.1737
 0.0007092
 0.02496
   0.208
 0.09599
 0.008316
  0.0326
  0.2669
  0.3116
  0.2381
 0.07928
 0.04226
  0.1245
  0.0766
 0.03013
 0.03565
  0.2136
 0.08563
 0.01518
  0.3196
 0.01267
  0.1063
 0.08498
 0.006221
 0.008342
 0.01245
  0.1784
 0.07424
 0.05089
 0.04356
  0.1547
  0.0221
  0.2824
  0.1375
 0.03222
 0.0004677
 0.05668
  0.2638
 0.00191
   0.125
 0.00904
  0.0384
 0.08374
  0.1547
  0.0101
 0.001169
  0.1738
 0.05666
 0.01509
  0.1804
 0.07011
 0.06948
 0.02696
 0.06847
 0.09933
 0.001313
  0.1998
  0.1199
 0.05225
