  0.8939
   1.045
  0.4378
  0.1813
 0.08946
  0.0311
   1.198
  0.6661
  0.1158
   2.308
  0.4784
  0.7286
  0.2279
   1.625
  0.2666
   2.165
   1.428
  0.8822
  0.2536
   0.798
  0.0851
   3.284
  0.7092
  0.4581
  0.5908
 0.07571
  0.6923
   1.061
  0.1848
  0.0495
   2.671
    1.37
    1.09
  0.8493
   2.459
  0.8318
  0.7105
  0.5866
 0.006952
  0.1954
   0.701
  0.1502
  0.3149
  0.4475
   1.341
  0.4717
  0.4072
  0.1773
    1.05
   1.119
  0.6187
  0.6246
 0.09347
   2.476
  0.9298
  0.7879
  0.4788
   2.483
  0.6482
   1.027
  0.4872
    3.81
  0.9294
  0.7208
  0.8356
  0.6079
  0.5102
 0.003079
 0.04731
   0.386
    0.24
  0.9152
   1.119
   1.275
    0.52
 0.001394
  0.0867
  0.7876
   0.516
   1.134
   1.428
   4.226
   1.446
  0.5697
  0.1077
  0.1033
   0.276
   3.487
  0.6543
  0.4587
   1.836
  0.5851
  0.3613
  0.3135
   2.193
 0.03624
 0.08291
   1.768
  0.0956
  0.7177
  0.6534
  0.2122
  0.9137
   1.531
  0.5087
  0.1924
 0.06994
  0.6358
 0.01902
   1.841
   1.277
  0.6239
   2.054
 0.05523
  0.5357
  0.6741
   2.318
 0.04144
   1.193
   1.113
  0.7478
   3.177
   2.052
 0.09209
   1.213
  0.6039
 0.06352
  0.4201
    4.18
  0.2549
  0.3152
  0.1313
  0.8924
  0.8864
  0.5885
   1.432
  0.6189
 0.03472
  0.7714
   1.606
  0.3961
   1.591
  0.8435
   0.801
   1.452
  0.5269
   1.182
   1.091
  0.3129
  0.3207
  0.2921
   1.146
   0.358
  0.2471
   1.904
  0.9375
  0.4541
  0.0637
  0.5209
  0.6297
 0.06513
  0.1909
  0.2465
   2.019
  0.1736
 0.04245
 0.03282
  0.8283
   1.029
   1.767
  0.1019
 0.01932
   1.556
    2.83
  0.2618
   3.521
  0.2534
  0.8773
   2.131
   4.305
   4.191
  0.4017
  0.2132
 0.03378
   0.878
   1.143
 0.06233
 0.03608
 0.07441
  0.9823
  0.2268
   0.579
  0.1008
  0.2318
  0.2444
   1.495
   3.441
 0.08722
   1.029
  0.2499
   1.286
 0.09585
 0.02707
  0.1758
  0.2056
   1.644
   4.136
     1.4
 0.02722
   0.115
  0.3013
  0.6714
   1.779
   1.351
   1.581
    1.41
  0.1723
   2.089
   1.518
  0.5114
  0.9263
   1.127
   1.323
   0.344
   1.998
   1.935
  0.7908
   2.121
   1.597
   0.281
   0.814
   1.453
   0.665
  0.4339
  0.9371
  0.2967
  0.3551
   2.589
  0.1189
   2.678
   3.129
  0.7223
  0.1177
  0.2267
  0.8896
 0.03723
  0.4171
   2.128
   1.628
  0.4084
  0.3478
   1.326
   1.359
   1.365
  0.3277
 0.05454
  0.1624
   1.053
  0.6712
  0.2373
  0.5605
 0.05891
 0.05829
  0.2605
   1.238
  0.1535
  0.1309
  0.4111
   2.401
   1.752
   2.261
  0.7664
   1.576
  0.4043
   1.256
  0.1734
 0.04065
    1.38
  0.1209
  0.5801
  0.3598
  0.8907
   2.122
 0.07122
  0.3151
  0.4498
  0.1294
   1.414
   1.323
  0.1334
  0.3934
   1.612
   1.033
 0.05281
  0.5497
   1.028
  0.1959
   5.042
   1.907
   0.568
   1.602
 0.04399
  0.9582
  0.9082
  0.3842
 0.09929
  0.4369
  0.4932
   3.338
  0.5239
  0.5007
  0.6247
  0.5705
  0.1869
   1.724
  0.5705
   3.403
 0.06225
  0.7786
  0.5687
  0.5056
    1.65
  0.4105
   1.137
  0.2532
   1.423
   2.764
 0.03665
    1.11
  0.5743
 0.07871
  0.8601
   1.377
  0.1116
    0.81
  0.1588
  0.3782
  0.4026
  0.3689
   2.585
  0.1559
    0.79
  0.6205
   4.229
   4.061
  0.9395
  0.5092
   1.992
  0.9513
  0.4623
    1.71
   0.122
   2.535
  0.2634
   1.633
   2.111
    2.98
   1.241
   2.121
   0.583
   3.479
 0.003699
 0.07974
   1.604
  0.7719
  0.7885
   5.004
  0.2443
  0.8258
  0.8547
   1.967
    1.59
  0.4475
   1.186
  0.9176
 0.03459
     1.3
  0.5743
   2.242
  0.4887
   4.908
   1.731
  0.2712
   1.781
 0.09062
   2.617
 0.01024
  0.5625
  0.9208
  0.5774
  0.7628
   2.216
   1.932
  0.2551
  0.1457
    0.14
   3.008
   2.244
  0.2383
   1.819
   1.845
  0.4388
  0.3425
 0.03581
  0.5024
  0.4853
 0.09393
   1.026
  0.5978
  0.2044
  0.8848
 0.03557
   2.159
   2.993
 0.08021
  0.9542
   1.126
  0.5544
  0.2675
  0.4538
   3.292
  0.6414
  0.1969
  0.5356
  0.1161
   1.001
   0.763
  0.9248
   1.457
   1.146
  0.6787
 0.04228
   2.743
  0.2288
   2.115
   1.118
 0.02849
  0.1589
   0.237
   1.828
   2.683
  0.4852
   1.429
   1.832
 0.07336
  0.3316
  0.9654
  0.6858
  0.6335
  0.2991
   1.424
   1.251
   1.679
  0.4253
  0.1016
 0.04525
  0.7212
   1.415
  0.8039
  0.2855
   1.463
  0.5825
  0.1239
   1.956
  0.9792
   1.061
   2.404
   1.351
 0.04237
  0.7201
  0.2821
   1.074
   3.074
  0.8364
   1.187
   1.788
  0.4042
  0.4329
  0.1566
  0.7073
  0.2858
   3.148
   2.006
  0.7103
   2.732
   0.889
  0.8407
   1.665
   1.891
  0.1392
  0.6402
  0.1019
   1.331
   1.215
  0.4537
  0.3866
    1.17
  0.2671
   1.084
   0.315
  0.2438
 0.01491
  0.6448
  0.1397
  0.3532
  0.3053
   1.113
 0.04572
  0.5999
   1.166
   2.747
   1.134
   1.584
 0.05384
   1.797
   1.515
  0.1149
   1.318
   2.087
    1.37
    2.27
  0.3321
  0.8584
  0.1986
  0.5994
   6.433
   0.731
   0.614
   2.433
   0.649
  0.5404
  0.3454
  0.4065
  0.2017
  0.1993
  0.3372
   1.363
 0.004761
   3.571
  0.7073
  0.2329
   1.741
  0.3188
 0.04211
   2.201
 0.07894
   2.935
  0.8208
  0.1228
  0.3675
  0.3564
   2.124
  0.5759
   1.371
  0.1552
  0.7536
   1.186
   1.955
   1.961
   0.363
 0.07661
   2.456
  0.6117
   1.818
  0.1932
  0.7945
   1.031
  0.1712
   0.078
    0.39
   2.096
  0.2889
  0.4841
  0.3443
  0.5756
  0.9869
  0.3758
  0.8181
  0.6631
   2.113
   1.336
   1.871
  0.1295
  0.2822
  0.2926
 0.05314
  0.6104
  0.1933
  0.2851
   1.685
   1.103
   2.195
    3.11
 0.07895
 0.06558
   2.785
  0.7393
   1.029
   0.156
   1.491
 0.07394
   1.382
   1.104
  0.3678
   1.428
  0.9667
   1.241
  0.6303
   1.883
 0.03269
   1.306
   1.465
   1.405
   2.113
  0.9736
   2.066
  0.1342
   1.312
   1.593
  0.1634
   2.234
  0.5075
  0.2567
  0.2781
   0.413
   0.681
  0.7266
  0.9815
  0.1696
   5.837
   3.359
  0.1865
  0.7219
   1.682
  0.9862
   1.233
  0.1262
   0.417
  0.4691
  0.8998
  0.3209
 0.02783
   3.243
  0.3022
    2.98
   2.779
 0.08707
   1.581
     1.8
  0.3777
  0.5879
  0.6644
  0.5278
  0.1508
   1.689
  0.5077
 0.003949
   1.202
  0.1028
   2.656
   1.946
  0.1543
  0.4893
   0.469
  0.2045
 0.05048
 0.03487
  0.6635
  0.2744
   4.302
   1.235
  0.0366
  0.4689
 0.07885
  0.6195
  0.4875
  0.1078
  0.8068
   1.542
 0.04039
  0.1773
  0.4068
   1.144
  0.2371
  0.8698
  0.8482
   1.259
  0.4874
   1.322
  0.2529
 0.09263
   2.146
   0.523
  0.9455
   1.174
  0.5426
   2.002
   4.274
   0.188
   1.102
   2.361
 0.09147
   5.598
   1.752
    2.64
   1.233
  0.7191
  0.1927
   5.264
  0.2981
 0.01167
   1.024
   2.207
  0.3873
   1.556
  0.4448
  0.2068
  0.2545
  0.2357
  0.2707
   0.368
  0.9102
    1.47
  0.7265
  0.8858
   2.717
  0.1723
  0.4075
  0.4083
  0.1692
  0.3851
  0.3405
   2.273
  0.1924
  0.7283
   5.635
   1.268
  0.6104
   0.503
    1.08
  0.5248
  0.8707
 0.04207
   0.992
   1.602
   1.642
  0.0495
    3.23
 0.008877
   0.994
  0.8634
   4.096
  0.7107
  0.4353
  0.5511
   1.974
  0.1979
   1.026
 0.07301
  0.1664
  0.4736
 0.09361
   1.428
  0.4756
    5.31
   1.517
  0.8057
    0.86
  0.7458
   1.911
   0.495
   2.059
  0.1323
  0.0573
  0.1697
 0.03649
   1.106
  0.3875
   1.349
 0.04771
   1.762
  0.3837
  0.1078
   1.066
  0.1246
 0.02097
  0.4014
   2.963
   3.329
  0.3084
   1.233
   2.362
   1.479
  0.3832
   1.489
   3.465
   3.974
  0.5717
  0.4869
  0.9138
  0.1403
   0.554
   1.512
   1.849
   2.563
  0.2383
   1.015
   2.226
  0.3335
  0.5059
   0.159
   1.046
  0.5559
   1.728
 0.06515
  0.3362
   2.459
  0.1419
   1.479
   1.657
   1.283
  0.4109
  0.4365
   0.977
  0.3584
  0.4681
   1.031
 0.09494
   1.012
   1.111
  0.3499
 0.09894
  0.3791
   1.231
   1.856
  0.9221
  0.8831
  0.8714
   1.456
  0.2603
  0.5494
  0.8325
  0.7962
     1.6
  0.8783
   1.115
   1.355
   2.343
   1.145
   0.247
  0.0298
  0.6452
  0.2701
  0.4901
  0.3389
  0.4122
   1.369
   1.547
   1.046
   1.493
   1.357
 0.01772
  0.8295
 0.09836
   1.973
   0.263
   1.997
  0.2017
   2.263
    1.19
   1.745
 0.08158
   2.024
  0.4407
  0.2583
  0.7466
 0.08751
   0.509
  0.5454
  0.7815
  0.2238
   1.669
   0.484
   3.808
  0.3384
   2.956
   1.565
 0.08308
   2.179
 0.09367
 0.07382
 0.05567
 0.08394
 0.007461
  0.6392
  0.9907
  0.7948
  0.7472
  0.1308
  0.9542
   1.001
 0.08947
  0.0988
  0.6365
  0.5113
  0.3602
  0.6242
   1.992
   1.222
  0.7646
  0.4771
  0.2636
  0.2902
  0.5831
  0.1236
  0.4273
   1.065
  0.7984
  0.1569
   2.125
   0.705
   1.671
  0.2136
   3.179
  0.5646
  0.1881
  0.3596
   1.311
   0.173
   0.133
   2.301
   2.664
  0.8617
  0.3319
   1.927
  0.5761
   1.616
   2.725
   0.777
   1.847
  0.2625
  0.9413
   2.306
 0.003628
  0.9598
   1.024
  0.7102
  0.9584
  0.1305
   1.289
   0.999
   1.477
  0.4846
  0.6659
  0.3471
  0.7323
  0.8594
 0.04186
   0.407
  0.5625
  0.6423
  0.8143
  0.6487
  0.1746
  0.7178
   1.701
  0.4902
 0.01092
    1.91
   1.531
   1.334
  0.6794
   0.582
    0.17
   0.307
   2.199
 0.08043
   2.809
   1.841
   1.689
  0.6343
   0.003
  0.7588
   1.534
  0.3605
    1.03
   1.065
    1.46
  0.3529
  0.1592
     1.9
   1.424
  0.3212
  0.4388
  0.1463
   0.409
  0.2454
  0.2513
   3.678
  0.2496
  0.4061
