 0.06039
 0.01478
  0.1494
 0.04182
 0.08408
 0.05792
 0.02028
  0.2008
 0.03988
  0.1473
 0.05237
  0.1514
 0.02987
 0.04403
 0.06555
 0.00536
  0.1179
 0.02967
 0.03901
 0.02489
 0.01243
 0.01417
 0.01377
 0.05691
 0.05567
 0.006608
 0.01379
 0.01639
 0.04276
 0.01176
 0.01607
 0.03762
 0.02111
 0.01039
 0.03034
 0.02142
 0.04074
 0.09724
 0.02057
   0.082
 0.0007314
 0.05924
  0.2077
 0.05663
 0.08166
 0.02691
 0.001329
 0.000589
 0.02277
  0.0391
 0.06444
 0.05851
 0.03971
  0.1585
  0.0017
  0.2309
 0.05638
 0.03224
 0.05451
 0.008148
 0.04735
 0.02528
 0.007809
  0.1324
 0.08497
 0.004096
  0.1083
 0.009297
 0.02682
 0.03379
 0.01366
 0.02238
 0.01467
 0.07641
 0.04162
 0.01123
  0.1747
 0.09258
 0.01714
 0.008742
 0.00237
 0.09918
  0.1803
 0.002161
  0.1066
  0.1142
 0.02267
 0.03961
 0.09362
 0.02849
   0.032
 0.08983
 0.02153
  0.1459
 0.04879
 0.004388
  0.1155
 0.03084
 0.03692
 0.003175
 0.009257
 0.00639
 0.01928
 0.05663
 0.002562
  0.0684
 0.05579
 0.04027
 0.06468
  0.0253
 0.08135
 0.04326
 0.06512
  0.1395
 0.04201
 0.03281
 5.062e-005
  0.0456
 0.03623
 0.02405
  0.1648
 0.03803
  0.1488
 0.02247
 0.04215
 0.02455
  0.2388
 0.001229
 0.02359
 0.09967
 0.05202
 0.002844
 0.04581
 0.01604
 0.09873
 0.07758
  0.0101
 0.005958
 0.04431
 0.07235
  0.0963
 0.04706
 0.09402
 0.01775
 0.01069
 0.01799
 0.07856
 0.00192
 0.05831
 0.04457
  0.0729
 0.03728
 0.08241
 0.01791
 0.02341
 0.07246
 0.002688
 0.01466
 0.03789
 0.07601
 0.001256
 0.08584
 0.03884
 0.01006
  0.0336
 0.03328
 0.007772
 0.06418
  0.0285
 0.02683
 0.04487
   0.101
 0.007337
 0.0006227
 0.06076
 0.02161
 0.01247
 0.03314
  0.1299
 0.06792
 0.06454
 0.02589
 0.02565
 0.0004712
 0.008799
 0.01581
 0.001447
 0.003902
  0.0433
 0.003943
 0.03707
 0.02442
 0.04944
 0.09877
 0.03306
 0.03209
 0.04814
 0.01683
 0.02985
 0.03604
 0.04407
 0.01024
  0.1713
  0.1114
 0.02182
 0.007307
 0.05282
 0.07277
 0.04508
 0.0008526
 0.01437
 0.04948
  0.1111
 0.04246
    0.06
     0.1
 0.08188
  0.1824
  0.0108
 0.01949
  0.1344
 0.02424
 0.01436
  0.1023
  0.1703
 0.03647
  0.0711
  0.1618
 0.07305
 0.01147
 0.003052
 0.01063
 0.02708
  0.1536
  0.2584
  0.1022
 0.01691
 0.03586
  0.1859
 0.04306
 0.004923
 0.02815
 0.002353
 0.06453
  0.1751
 0.04911
  0.1415
 0.006549
 0.03684
  0.1414
 0.008274
 0.03879
   0.111
 0.06198
  0.2338
 0.01543
 0.08647
 0.01937
 0.05199
 0.05615
 0.06364
  0.0746
 0.01467
 0.07746
 0.06238
  0.0145
  0.1541
 0.08971
 0.06325
 0.05564
  0.1548
 0.08416
 0.03476
 0.01482
 0.04525
 0.00331
 0.06752
 0.004999
 0.02631
 0.08431
 0.004722
  0.0607
 0.01018
  0.0707
 0.01365
 0.04409
 0.00142
 0.04609
  0.1879
 0.08115
 0.02794
 0.05205
 0.01474
 0.03745
 0.01898
 0.02027
 0.01445
 0.04719
 0.006858
 0.08379
 0.02787
 0.007871
  0.1023
 0.03551
 0.04546
 0.00133
 0.009894
 0.05651
  0.2128
 0.03591
 0.02426
  0.1787
 0.01734
 0.07843
 0.04231
 0.0002826
 0.07046
 0.03903
 0.05148
  0.1214
  0.0118
 0.03402
  0.0243
  0.1196
 0.008432
  0.2441
 0.03724
 0.09824
 0.08408
 0.04128
  0.0799
 0.09137
 0.01095
 0.03137
 0.0002359
 0.05877
 0.008918
  0.0158
 0.004135
  0.0452
 0.03328
 0.02626
 0.008022
 0.04913
  0.1211
   0.067
 0.04503
 0.01909
 0.01262
 0.005799
 0.006189
 0.01279
 0.01815
  0.1295
    0.08
 0.03374
 0.01122
 0.06057
 0.008938
 0.02541
  0.0101
 0.05061
 0.01398
  0.1441
 0.08232
 0.00894
 0.05083
 0.02505
  0.1979
  0.0369
 0.04293
 0.09466
 0.00115
  0.0189
  0.2001
 0.08226
 0.06478
 0.003827
 0.03815
 0.06421
 0.02742
 0.08576
 0.06547
 0.04281
 0.002071
 0.04948
  0.1488
 0.02767
 0.009554
  0.0104
 0.03592
  0.1966
 0.007491
 0.02277
 0.06896
 0.008633
 0.002057
 0.07348
 0.002683
 0.05221
 0.08891
 0.01858
  0.1513
 0.03187
 0.02368
 0.07188
 0.009086
 0.03964
 0.03661
 0.01999
 0.05581
 0.01467
 0.007215
 0.01146
 0.07239
  0.2381
 0.01116
 0.007232
 0.006324
 0.06781
 0.09663
  0.1965
 0.09583
 0.05066
 0.03117
  0.0165
 0.04479
 0.03609
 0.05651
 0.08466
 0.03756
 0.03312
 0.03416
 0.009168
  0.0333
 0.03386
 0.02007
 0.01662
  0.2032
  0.1052
 0.003691
 0.001877
  0.0172
  0.1424
 0.007593
 0.07925
 0.03489
 0.03523
 0.04149
  0.1853
 0.04443
 0.03214
 0.001326
 0.04723
 0.03138
 0.02548
  0.1394
  0.1223
 0.002864
 0.002142
 0.03452
 0.08955
 0.02133
  0.1362
 0.07015
   0.049
 0.03097
   0.143
 0.05459
 0.02612
  0.0624
 0.08859
 0.008931
 0.06491
 0.05554
 0.08511
 0.01262
 0.006502
 0.01265
 0.008079
  0.1224
 0.05724
 0.05111
 0.05273
 0.03155
 0.04727
 0.05017
 0.01775
 0.02109
 0.07902
 0.02735
 0.07419
 0.01688
 0.02175
 0.07823
 0.001482
 0.02468
 0.01198
 0.008677
 0.09648
 0.008693
 0.05487
 0.05076
 0.02852
  0.0431
  0.1338
 0.004868
  0.1218
 0.008831
 0.06308
 0.01176
  0.1531
 0.001524
 0.07684
  0.0404
 0.01827
  0.1634
 0.03593
 0.05053
 0.02283
 0.03099
 0.03031
  0.1754
 0.06721
 0.08624
  0.1181
 0.00754
 0.08052
 0.01008
 0.03117
 0.09837
 0.01502
 0.04551
 0.04482
 0.00196
 0.06425
 0.004971
 0.009961
 0.09113
 0.01489
 0.06714
 0.005874
 0.06775
  0.1488
 0.05934
  0.0847
 0.04737
 0.03162
 0.01707
 0.09344
 0.07036
 0.05025
 0.00381
 0.02774
  0.2036
  0.1776
  0.1085
 0.001192
 0.05635
 0.01633
  0.1229
  0.1195
 0.09341
  0.0104
 0.07125
 0.06281
 0.01093
 0.06496
 0.03424
 0.0003323
 0.01047
  0.1079
 0.06643
 0.09019
 0.005379
 0.009188
 0.05841
 0.01833
 0.005014
 0.00936
 0.01314
 0.00766
 0.01589
 0.007089
  0.1604
 0.01368
 0.06762
 0.03472
 0.01503
 0.01356
   0.057
 0.03423
 0.02281
 0.004058
 0.02528
 0.05563
 0.02782
  0.0419
 0.02495
 0.03247
 0.04131
   0.141
 0.02771
 0.08685
  0.1344
 0.02737
 0.04228
 0.05122
   0.079
 0.07759
 0.01677
  0.0293
 0.04207
  0.1351
 0.03159
  0.1115
   0.116
 0.02778
 0.03738
 0.02218
  0.0645
  0.0041
 0.02844
 0.03295
 0.01926
 0.03503
 0.07926
 0.06756
 0.02394
 0.05694
  0.1198
 0.0002851
 0.003927
   0.036
 0.08845
 0.005696
 0.005862
 0.02559
 0.02806
 0.02551
 0.07826
 0.07832
 0.03102
 0.01914
 0.004378
 0.06922
 0.04901
  0.1461
 0.05717
 0.03647
 0.04833
 0.04288
 0.003215
 0.00409
 0.01229
 0.01579
 0.04055
 0.06311
  0.0194
 0.02796
  0.0257
 0.04379
 0.001316
 0.02098
 0.08481
 0.01481
  0.0573
 0.07278
 0.002688
 0.01812
  0.1602
 0.03222
 0.03091
   0.094
  0.1195
  0.0874
 0.04073
 0.006571
 0.00115
  0.0196
 0.00413
 0.002317
 0.01798
 0.01019
 0.002748
 0.07309
 0.01885
  0.1109
 0.09665
 0.01431
  0.0149
  0.0723
 0.01589
   0.083
 0.001278
 0.03669
 0.04184
 0.06037
 0.01536
 0.08933
 0.03865
 0.05434
 0.02916
  0.1143
 0.04406
 0.03347
  0.1176
  0.3139
  0.0735
 0.04398
  0.1437
 0.003009
  0.1048
 0.03882
 0.09649
 0.01211
 0.03266
  0.0568
 0.0001642
 0.02353
 4.837e-006
 0.04983
   0.108
 0.07586
 0.07415
  0.1104
 0.01041
 0.04204
 0.00569
 0.02378
 0.09761
 0.02048
 0.02154
 0.0004093
 0.008611
 0.06038
   0.146
 0.01399
 0.06594
  0.1005
 0.03504
 0.05489
  0.0552
 0.009895
 0.09687
 0.03807
 0.04098
 0.06008
 0.006504
 0.02092
 0.04184
 0.07021
 0.07376
 0.02505
 0.03304
 0.03548
 0.05779
 0.02196
 0.07932
  0.0367
 0.01242
 0.08572
 0.06812
 0.01846
 0.01562
  0.1026
 0.02467
  0.1229
 0.01953
 0.05208
 0.05589
 0.03089
  0.0388
  0.1144
 0.03257
 0.06348
 0.07974
 0.04056
 0.05969
 0.05517
 0.07172
 0.01702
 0.01685
 0.003075
  0.1498
 0.003611
 0.02046
  0.1913
 0.07807
 0.06681
 0.00689
 0.02599
 0.05778
 0.04067
 0.01137
 0.07612
 0.003887
 0.07666
 0.02698
 0.04212
 0.03455
 0.01295
 0.000368
 0.08408
  0.0538
 0.08375
 0.05329
 0.06157
 0.03286
 0.007502
 0.03978
 0.008316
 0.009934
 0.00256
  0.0292
 0.01945
 0.01911
 0.01048
 0.06412
 0.01255
  0.1017
  0.0418
 0.03168
 0.01478
 0.01674
 0.006392
 0.03647
  0.0772
 0.03999
 0.01623
 0.03692
 0.05975
 0.01464
 0.03656
 0.0008503
  0.1566
  0.0515
  0.1408
 0.03271
  0.0098
 0.05874
  0.0844
 0.02521
 0.01025
 0.008634
 0.008562
 0.01903
  0.0426
 0.05326
 0.01666
  0.1297
  0.0158
 0.06076
 0.02348
 0.005174
 0.005436
 0.08029
 0.002098
  0.1726
 0.02185
  0.0324
  0.1068
  0.2132
 0.01999
 0.02307
 0.002548
  0.2032
   0.126
 0.01593
 0.08357
 0.01332
 0.008716
 0.01157
 0.00607
  0.0367
 0.07951
 0.03252
 0.007668
 0.01055
 0.09309
  0.0682
  0.1077
 0.01273
 0.008487
 0.003845
 0.05908
 0.01762
  0.1903
 0.0005385
 0.09527
 0.09044
 0.03625
  0.0504
 0.00694
 0.004704
  0.0344
 0.04934
 0.02174
 0.01032
 0.06633
    0.02
  0.1606
 0.01103
 0.05781
 0.08286
 0.04199
 0.01128
 0.0008344
  0.1264
 0.03835
 0.02113
 0.00913
 0.02278
 0.03691
  0.1165
  0.1198
 0.07187
 0.002721
 0.02129
  0.1212
 0.06021
 0.004259
 0.02576
 0.01803
 0.08206
 0.04009
 0.006102
  0.0132
 0.08255
  0.1592
  0.1198
 0.02836
 0.04519
  0.1229
   0.053
  0.0769
 0.01647
 0.06155
 0.06422
  0.1052
 0.01545
  0.1015
 0.003137
 0.04238
 0.01794
 0.06524
 0.01374
  0.0411
 0.03992
  0.2112
  0.0376
   0.137
 0.05229
  0.0153
  0.1487
 0.06858
 0.07387
 0.05678
 0.02097
 0.04157
 0.05913
 0.02545
 0.02825
 0.00233
 0.09482
 0.01162
  0.1069
 0.03376
 0.02568
 0.003356
  0.0227
 0.02652
 0.01759
 0.05589
  0.0484
 0.004711
 0.02017
 0.001807
 0.03654
 0.00766
 0.01227
 0.001094
 0.006615
 0.00421
 0.05073
  0.1318
 0.07059
  0.1051
 0.01876
 0.002187
 0.002771
 0.03738
 0.003339
 0.01146
 0.001824
  0.0463
  0.1042
 0.02308
 0.008987
 0.08972
  0.1536
