   24.39
   20.82
   20.16
   21.57
   24.91
   21.42
   21.86
   24.46
   24.26
   24.18
   24.61
   24.66
   22.25
   23.89
   21.73
   21.53
   24.41
    23.8
    20.9
   22.78
   21.73
   22.86
   23.84
   21.63
   20.32
   22.86
   20.98
   23.99
   21.11
   20.64
   21.15
   20.68
   24.51
   20.29
   21.29
   24.59
   20.16
   20.31
   21.12
    22.9
   21.53
   20.82
   22.84
   24.21
   20.69
   20.73
   20.78
   20.79
   22.95
   24.95
   21.14
   20.73
   21.56
   21.55
   21.66
   20.13
   22.39
   23.97
   21.26
   20.32
   23.64
    23.2
   24.83
   24.98
   20.49
   24.95
   22.79
   22.42
   24.83
   21.88
   20.89
   22.68
   24.92
   20.74
   24.84
   24.78
   20.08
   24.59
   24.99
   23.86
   20.39
   24.97
   21.05
    23.4
   21.36
    24.1
   21.78
   22.41
   23.63
   22.05
   24.62
   22.58
   22.66
   23.95
   20.46
   20.52
   23.41
   22.17
   23.26
    24.9
   20.03
   23.48
   24.76
   23.66
   20.53
    21.3
    24.2
    21.2
   21.52
   22.82
   22.95
   20.57
   22.82
   21.21
   24.23
   20.64
   22.22
   22.84
    22.8
   23.29
   20.14
   24.43
   24.64
   20.62
   24.28
   20.23
   21.65
   22.13
   24.37
   24.27
   21.29
   21.86
   21.84
   22.46
   21.34
   20.66
   24.46
   24.84
   24.53
   23.33
   21.09
   22.75
   23.25
   20.78
   21.34
   21.01
   24.26
   22.29
   20.25
   20.13
   23.32
   22.63
      23
   23.45
   24.92
   24.29
   24.58
    24.4
   21.97
   24.65
   24.47
   23.61
   20.47
   23.16
   21.36
   21.15
    24.2
   23.55
   22.79
   23.69
   24.41
      21
   24.89
   21.73
    24.5
   24.33
   22.04
   21.72
   24.75
    23.2
   21.53
    23.3
   21.93
   20.27
   23.32
   21.48
   24.05
   23.43
   24.66
   23.79
   20.04
   22.93
   24.79
   22.52
   24.41
   23.64
   24.68
   21.89
   21.95
   22.15
   21.62
   20.22
   22.43
   24.06
   24.02
   22.11
   20.28
   21.06
   21.01
   20.68
   24.28
    23.2
   22.17
   24.71
   22.22
   21.05
   22.19
   20.83
   20.62
   22.87
   20.61
   20.74
   24.44
   21.82
   21.44
   23.36
   21.68
   23.13
   22.89
   22.04
   23.18
   21.32
   22.05
   21.74
    22.2
   22.35
   24.57
   21.23
    24.2
   20.81
   24.35
   20.23
   21.45
   22.16
   23.24
   21.69
   22.78
   24.82
    20.7
   23.87
   23.24
   22.47
   23.53
   22.61
   23.76
   21.15
    20.5
   23.47
    20.9
    21.5
    22.1
   23.94
   21.48
    20.9
   20.17
   20.63
    22.3
   20.72
   22.63
   21.43
   24.83
   23.44
   23.15
   22.73
   24.85
   24.89
   20.85
   21.59
   22.22
   21.42
   24.95
   22.93
   20.48
   22.07
   24.51
   21.73
    21.6
   20.78
   23.07
   20.18
   20.64
   23.57
   23.38
   24.92
   20.45
   20.73
   22.07
    24.2
   21.34
   24.01
    24.3
   20.05
   20.78
   23.78
   23.51
    20.5
   23.09
   21.26
   21.09
   21.75
   24.12
   20.69
   21.03
   20.36
   20.95
   21.51
   24.64
   20.44
   21.55
   20.54
   20.24
   20.85
   24.51
    24.2
   22.85
   22.34
   23.68
   20.66
   23.84
   24.82
   22.89
   22.06
   20.66
   24.44
   20.63
   21.67
   21.52
    20.9
   24.74
    21.1
   20.05
   24.51
   22.08
   22.48
   20.02
    23.5
   23.24
   20.63
   20.02
    21.1
   22.21
   20.28
   23.11
   22.81
    21.1
   23.22
   21.59
   23.54
   24.76
   20.52
   21.59
   24.81
   20.56
   24.72
   22.83
   21.95
   22.99
   21.97
   23.27
   21.26
   23.41
   24.27
   23.83
   22.23
   24.69
   21.63
   23.04
   24.69
   20.94
   24.29
   21.73
   21.04
   22.17
   24.84
   22.77
   23.42
   23.99
   20.48
   20.69
   20.86
    22.3
   20.17
   21.39
   21.54
   22.94
   21.83
   21.88
   24.92
   21.45
    24.5
   24.86
   23.94
   22.68
   20.59
   23.53
   22.23
   20.54
   22.99
   21.16
   21.28
   22.65
   22.32
   20.89
   22.62
   20.02
   24.07
   20.31
      20
    21.8
   20.83
   21.24
   21.64
   24.87
   24.45
   24.36
   22.33
   23.63
   23.23
   23.91
   20.68
    24.6
   24.13
   22.38
   21.28
   21.16
   24.92
   20.22
   21.88
   23.24
    21.4
   20.49
   20.62
   21.96
   24.56
   23.57
   23.16
   24.36
    22.8
   21.83
   24.92
    23.1
    24.1
   24.35
   23.24
   21.08
   23.19
   21.58
   24.54
   21.21
   23.78
   20.01
   21.59
   21.03
   20.69
   21.93
   20.61
   22.44
    22.1
   20.02
    23.5
   21.36
    21.7
   22.12
   20.04
   22.46
   20.87
   20.87
   20.02
   23.79
    20.9
   23.43
   20.51
    21.5
   20.15
   21.11
   22.98
   24.52
   21.26
   24.14
   20.51
   24.28
    23.3
   21.29
   24.99
   24.34
   24.02
   24.59
   24.29
    20.1
   21.97
   24.01
   24.45
   23.52
   23.73
   22.14
   21.89
   22.75
   21.08
    23.9
   20.54
   21.88
   23.18
   21.18
   24.12
   20.58
   23.81
   22.61
   23.22
   23.79
   23.48
   23.14
   22.58
   21.44
   21.66
   23.83
   23.22
   23.12
   23.98
   21.47
   24.66
   22.75
   24.38
   23.28
   22.07
   23.29
   22.35
   21.65
   23.51
   21.43
   20.03
   23.73
   22.07
   22.25
   24.51
    21.2
   23.08
   23.94
   24.93
   24.93
    21.3
   22.47
    24.7
   24.67
   23.09
   21.28
   23.68
   23.72
   23.63
   20.97
   20.39
   23.65
   24.06
   23.97
   24.18
   23.94
    23.7
   24.28
   22.38
   21.73
   22.25
   22.08
   22.58
   21.46
   21.94
   23.48
   24.73
   24.57
   24.75
   20.18
   23.35
   24.19
   24.57
   24.16
   24.76
   24.83
    24.4
   22.39
   24.22
   22.07
   23.56
   21.47
   23.12
   22.23
   24.83
   22.37
   21.19
   22.07
   21.69
   20.07
   23.69
   23.49
   20.45
    23.3
   23.57
   23.19
   22.51
   24.16
   23.67
   22.38
   21.46
   22.88
   23.92
   21.46
   20.36
   22.46
   23.52
   24.71
   23.84
   23.37
   23.11
   24.96
   20.35
   23.23
   21.99
    23.3
   24.32
   21.53
   20.28
   23.76
   23.37
   24.27
   21.11
   23.01
   20.46
   23.68
   22.83
   20.01
   21.11
   22.89
   21.19
   20.74
   20.57
   20.65
   21.48
   22.85
   21.02
   20.95
   20.81
    20.4
   23.75
    22.8
   20.21
   23.49
   21.34
   24.84
   21.86
   22.96
   24.88
   20.05
   21.27
   20.12
    21.1
   20.46
   24.48
    21.4
   24.62
   21.82
   20.22
   23.02
   20.09
   23.27
   22.12
   20.73
   24.41
   22.07
   20.88
   24.45
    23.9
   23.24
   21.48
      23
   21.48
   24.29
   20.35
   23.74
   23.89
   24.89
   22.57
    22.3
   23.84
   21.52
   24.03
   22.23
   22.21
   22.24
   23.66
   24.73
   20.26
   21.31
   20.58
    23.3
   21.79
   23.89
   21.31
   23.44
   20.33
   20.74
   21.95
   22.35
   21.33
   22.92
   20.37
    23.6
   24.38
   21.43
   23.38
   21.83
   20.33
   21.97
   23.95
   22.42
   23.55
   24.54
   23.38
    21.2
   24.06
   23.21
   23.47
   24.12
   24.75
   20.74
   23.74
   21.96
   23.56
   23.33
    23.6
   24.98
   20.67
   20.25
   24.54
   22.65
   20.67
   23.57
   22.32
    23.3
   24.79
   22.81
   24.14
   23.83
   23.01
   24.68
   20.87
    24.4
   21.35
    22.7
   24.18
    23.1
   23.98
   21.95
   23.77
   20.65
   20.41
   23.72
   24.56
   20.08
   22.74
    20.2
   23.85
   21.44
   22.77
    24.2
    23.5
   21.43
   24.26
   23.79
   22.18
   23.18
   20.04
   22.03
   22.48
   20.85
   24.28
   21.61
   23.15
   24.35
    24.6
   24.59
   21.26
   24.04
   24.31
   22.06
    24.4
   20.41
    24.6
   23.82
   22.88
   23.76
   21.67
   23.09
   21.88
    23.9
   23.99
   21.18
   23.67
    24.8
   24.43
   22.19
    24.8
   24.35
    22.5
   22.67
   23.24
   23.97
   21.47
   21.35
   20.65
   23.35
   20.62
   23.81
   24.47
   20.11
   22.41
   22.13
   20.21
   24.51
   24.65
   24.65
   23.54
    24.1
    22.7
   20.59
   22.55
   23.46
   21.66
   24.79
   24.89
   23.85
   23.54
   22.34
      20
   22.89
   24.49
   23.34
   21.26
   24.29
   21.92
   22.51
    23.2
    22.5
   21.77
   23.95
   23.66
    22.4
   20.62
   20.76
   21.03
   24.02
   22.92
    24.8
   21.39
   22.18
   23.18
    21.3
    20.7
   21.22
   23.13
   23.61
   22.01
   24.66
   23.93
   22.85
   22.65
    24.9
   23.36
   22.62
   21.39
   22.91
      23
   23.67
   20.65
   22.89
   20.39
    23.6
   23.67
   22.02
   21.27
   21.55
   21.72
   20.05
   21.74
   22.86
   21.26
   24.11
   20.43
   23.81
   21.17
   23.27
   20.73
   21.24
   24.87
   23.34
   22.94
   22.31
   22.58
   21.48
   21.47
   24.11
   23.48
   20.91
   22.03
   23.42
   22.85
   20.63
   23.82
   21.36
   24.34
   20.04
   21.72
   23.08
   22.11
    23.7
   23.46
   22.43
   23.01
   20.97
   21.82
   21.71
    23.8
   20.71
   21.82
   21.28
   23.31
   20.98
   22.91
   24.31
   24.64
   23.71
   21.14
   21.41
   22.35
    24.4
   21.36
   20.37
   24.63
   21.79
   24.41
   20.83
   20.52
   22.57
    24.3
   23.95
   22.05
   21.04
   20.42
    22.1
   21.48
   23.85
   24.68
    23.6
   23.45
   24.62
   23.74
   22.32
   22.18
   23.67
   21.19
   22.44
   23.67
    22.7
   24.72
    23.1
   22.87
   24.46
   23.33
    23.1
   20.85
   22.48
   24.49
   20.59
   22.04
   20.69
   21.37
   22.75
   21.38
   23.19
   24.97
   20.47
    21.5
   23.86
   21.36
   23.07
   24.95
   21.11
   23.83
   22.95
   21.32
   22.51
   20.13
   20.31
   24.52
   24.53
