      12
   11.95
   12.21
   13.18
   11.31
   11.66
    14.4
   13.17
   14.56
   14.98
    12.3
   14.87
    13.6
   13.73
   12.58
    13.8
   12.85
   14.53
   13.38
    12.1
    13.1
   12.52
   12.06
   12.35
   11.24
   13.13
   12.97
   11.29
   12.01
   13.84
   11.19
   13.57
   11.75
   13.92
   12.26
    13.5
   14.16
   12.18
   11.96
   12.82
   14.03
    12.7
   12.04
   14.42
   13.01
   14.61
   11.98
   12.11
   11.33
   13.85
   12.72
   12.36
   11.61
   12.87
   12.47
   12.06
   14.55
   14.42
   14.36
   12.26
   14.69
   11.29
   14.29
   11.92
   12.19
   12.06
   12.62
   13.67
   12.56
   14.84
   13.93
   13.56
    14.4
   13.04
    14.8
   14.78
   13.17
   13.11
    11.5
   13.47
   12.94
   12.28
   11.81
   12.41
   14.11
   12.32
   14.72
   14.79
    13.2
   13.29
    14.2
   13.98
   14.57
    11.3
   14.96
   11.25
   14.19
   12.24
   12.15
   13.56
   11.37
   13.53
   11.19
   11.24
   12.55
    13.9
   11.44
   11.83
   14.98
    11.1
   14.02
   13.75
   14.54
   11.68
    13.5
    12.1
   13.46
   12.72
   13.69
    12.4
   12.06
    11.6
   11.38
   12.32
   12.52
   11.74
   12.06
   11.45
   14.61
   12.33
   13.73
   13.03
   11.48
   14.12
    14.6
   13.75
   13.34
   13.13
   12.86
   13.43
   11.29
   14.45
   14.43
   12.82
   13.01
   13.92
   12.69
   11.33
   14.54
   11.96
   12.27
   12.78
   12.01
   11.23
   12.76
   11.16
   13.41
   14.47
   12.48
   12.37
   14.35
    14.2
   12.23
   11.98
   13.75
   14.47
   11.05
   12.97
   13.66
   12.62
   13.92
   11.48
   14.99
   13.04
   11.58
   14.57
   13.23
    12.9
   12.23
   13.96
   14.22
    11.9
   13.31
    11.8
   13.92
   14.05
   13.21
   14.37
   14.13
   13.39
   11.09
    13.9
   14.26
   11.74
   14.54
   14.27
   11.06
   12.48
    11.4
   12.76
   14.39
   14.25
    13.5
   13.83
   14.95
   12.75
   12.36
   14.86
   12.06
   14.47
   11.01
   11.88
   13.38
   14.43
    11.7
   13.33
   14.67
   13.94
   11.63
   13.84
   11.55
   14.36
   14.76
   11.92
   11.23
   14.82
   11.52
   11.77
   12.29
      14
   14.54
      13
   12.39
   11.88
   14.47
   12.37
   12.05
   11.45
   11.65
   13.57
   14.39
   12.52
   11.91
   12.94
    12.9
   13.42
   14.31
   13.25
   11.14
   12.78
   14.88
   13.42
   14.54
   11.26
   14.38
   14.29
   14.14
   13.31
   14.04
   12.37
   14.31
   12.93
   11.34
   13.57
   12.54
   11.39
   11.71
   14.97
   11.15
   11.02
   12.31
   14.57
   13.09
   12.92
   13.79
   13.04
   13.64
   14.75
   12.01
   11.44
   12.19
   12.43
   13.83
   13.01
   11.98
   13.96
    12.8
    12.9
   11.85
   13.09
      13
   11.93
      14
   11.12
   12.67
   14.34
   11.71
   14.65
   12.09
   13.51
   13.14
   13.32
   13.22
   13.75
   13.03
   13.54
   11.53
   12.04
   12.49
   12.28
   11.69
   11.76
   14.71
   14.78
   11.36
   12.46
   12.74
   12.34
   12.92
   11.61
   13.25
   12.03
   11.25
   14.34
   12.22
   14.46
   13.41
   11.19
   14.79
   11.55
   14.49
   11.86
   14.89
   12.24
   13.27
   14.97
    11.1
   12.27
   12.01
   13.82
   14.32
    11.9
   12.21
    14.1
   11.56
    13.7
   14.34
   11.67
    13.7
   12.27
   13.61
   14.31
    11.2
      12
   11.67
   11.46
   13.87
   12.83
   12.44
   11.98
   14.64
   11.96
   13.78
   13.89
   13.28
   13.66
   11.31
   14.11
   12.15
   14.97
    14.1
   14.26
      12
   11.48
   12.45
   14.33
   11.63
   11.06
   13.66
    14.5
   11.73
   11.63
   13.73
   12.87
   14.58
   14.89
   13.15
   11.18
   11.81
   12.09
   12.62
   12.61
   12.14
   13.74
   12.84
   11.48
   13.17
   11.43
   14.23
   11.05
   13.08
   11.52
   12.68
   13.22
   14.41
   12.89
    11.3
   12.32
   11.79
   12.74
   12.19
   12.83
   11.71
    12.3
   12.17
   11.15
   12.27
   14.57
   14.55
   13.36
   14.91
   14.12
   12.84
   12.94
   12.17
   14.79
   14.55
   12.52
   11.45
   11.45
   12.91
   13.66
   14.75
   11.79
   14.61
   14.59
   14.42
   14.01
   11.61
   11.95
   12.91
   12.61
   12.79
   14.53
   14.51
   12.14
    11.8
   13.05
   13.14
   12.91
   14.74
   13.89
   12.05
    12.8
   11.96
   12.84
    11.6
   12.96
   13.77
   12.86
      13
   11.59
   14.21
   13.81
   14.05
   13.67
   14.79
   14.24
   12.91
   12.72
   12.26
   13.09
   11.87
   12.56
   14.35
   11.48
   13.01
   13.03
   11.49
   14.43
   14.07
   11.79
   12.62
   12.63
   12.11
      14
   12.87
   12.19
   11.31
   14.14
   13.39
   12.39
   14.67
   13.71
   13.01
   11.39
   11.83
   11.02
   12.08
   12.05
   14.76
   14.88
   12.14
   11.63
   13.54
   14.44
   11.74
   11.55
   12.08
   12.86
   14.13
   11.17
   11.93
   13.08
   11.04
   13.47
   11.97
    11.6
   14.44
   14.88
   12.16
    12.2
   12.27
   14.97
   13.36
    11.7
   12.19
   14.26
   12.99
   13.72
   13.35
   11.88
   12.84
   14.38
   14.12
   11.43
    14.8
   12.15
   11.83
   14.63
   12.61
   13.48
   14.57
   11.14
    11.6
   14.66
   12.88
   12.27
   12.49
   11.47
   11.54
   12.76
   11.05
   13.02
    13.3
    12.5
   13.93
   11.44
   14.63
    14.3
   14.39
   11.64
   13.49
   13.62
   12.02
   13.09
   13.06
   12.36
   12.52
   11.55
   13.51
   12.57
   11.45
   12.79
   11.71
   14.21
   13.95
    14.4
   13.03
   12.92
   14.55
   11.49
   11.05
   13.72
   12.83
   14.47
   11.34
   12.84
   13.26
   14.78
   11.19
   11.38
   12.91
   14.67
   11.36
   13.14
   13.18
   12.89
   11.86
   14.32
   11.58
   14.52
   11.64
   13.27
   13.49
   12.65
   12.42
   12.28
   11.86
   14.18
   14.35
   11.28
   11.02
   13.53
   11.84
   13.63
   14.39
   14.42
   13.28
   11.86
   12.23
   11.62
   12.75
   13.39
   13.42
   12.67
   13.85
   14.31
   13.19
   11.64
   13.37
   13.16
   12.86
   14.93
    13.1
   12.59
    11.6
   14.94
   11.56
   13.19
    14.2
   11.87
   11.72
   11.23
   14.79
   11.47
    12.8
   12.37
    12.6
   14.76
   13.98
   13.44
   11.71
   11.82
   14.19
   12.19
   12.81
   11.52
   11.82
   13.02
   12.93
   11.23
   12.48
   12.76
   13.22
   14.66
   12.77
    14.4
   14.66
   13.52
   12.02
   12.85
   13.85
   13.35
   12.01
   12.65
   14.73
   11.17
   12.78
   13.81
   12.34
   13.35
   12.33
   13.46
   12.57
   13.27
   14.39
   11.66
   11.94
   13.09
   12.15
   13.13
   13.28
   13.53
   12.06
   13.01
   13.55
   11.58
   13.52
   14.59
   11.55
   14.29
   12.66
    11.1
   11.68
   12.49
    14.1
   11.42
    11.7
   14.53
   14.68
   13.83
   14.47
   12.08
    11.2
   11.79
    11.7
   13.83
   12.21
   11.67
   11.69
   11.27
   13.72
   14.52
   11.11
   12.41
   14.99
   13.76
   14.71
   11.58
   14.22
   13.03
   11.13
   11.11
   12.38
   11.85
   12.57
   11.16
   12.87
    11.4
    14.6
   11.41
   13.36
    12.3
   11.88
   12.81
   13.46
   12.31
   13.96
   11.38
   14.53
   12.11
   12.93
   11.92
   11.41
   13.06
   11.28
   13.75
   12.14
   14.91
   13.59
   12.51
   13.76
   13.59
   14.28
   13.86
   14.03
   14.95
   13.39
   11.26
   11.19
   12.47
   12.28
   11.68
   11.69
   13.09
   13.45
   13.42
   13.99
   14.88
   12.22
    11.8
   12.23
   12.84
   12.54
   12.92
   12.08
   12.63
   14.69
   11.43
   14.38
   12.32
   11.06
   12.27
      15
   12.16
   13.89
   12.42
    12.5
   12.28
   11.01
   14.63
   11.93
   14.52
   13.63
   13.23
   12.56
   12.09
   12.04
   11.79
   11.66
    11.4
   11.38
   12.96
   12.19
   13.75
    11.4
   12.14
   14.61
   13.11
   14.21
   11.31
    12.6
   13.87
   11.99
   12.72
   12.82
   12.59
   14.81
   12.65
   14.66
   11.72
   14.32
   11.18
   13.97
    13.4
   11.52
   13.92
   14.84
   13.16
   12.53
   13.79
   13.35
   13.72
   12.29
   12.73
   13.27
   14.69
   14.38
   11.47
   13.87
   14.37
    14.7
   11.28
   13.66
   11.44
   13.26
   11.74
    14.1
   14.77
   13.93
   12.43
   11.38
   13.15
   12.19
   14.75
   12.18
      13
   14.83
   11.64
   13.41
   12.19
   11.79
    13.3
   13.93
   13.73
   11.84
   12.99
   14.35
   11.56
   14.35
   12.77
   12.75
   12.28
   13.04
   13.21
   12.44
   12.89
   11.74
    11.2
    13.7
   14.58
   12.13
   13.64
   13.54
   12.43
   13.48
   11.25
   13.45
   13.19
   12.43
   12.25
   11.13
   13.04
   14.71
   12.18
   12.28
    11.3
    14.9
   11.62
   14.31
   12.23
   12.19
   13.92
   14.12
   14.72
   14.12
   14.98
   11.82
   14.11
   12.31
   12.98
   14.52
   11.88
   14.27
   14.16
   12.02
   13.44
   11.09
   14.53
   12.63
   13.85
    13.2
   13.63
   14.88
   11.59
   14.15
   12.33
   11.27
   14.31
   14.35
   14.49
   12.03
   12.56
   12.78
    12.8
   12.85
   13.57
   14.79
   14.45
   14.67
   14.97
   11.85
   14.96
   11.41
   14.56
   13.24
   11.85
   13.69
   12.07
   13.87
   14.47
   12.62
   14.85
   14.01
   13.67
   11.55
   11.72
      15
    11.6
   13.78
   14.63
   11.05
   11.48
   14.37
   12.44
   12.98
   11.27
   11.81
   12.69
   11.95
   13.51
   11.87
   11.34
   11.22
      11
   11.26
   14.49
    13.9
    12.6
   13.42
   12.17
   14.72
   12.95
   12.28
   12.07
   11.73
   14.22
      12
   13.31
   14.12
