   2.165
   1.599
    4.02
   2.225
    8.84
   8.021
   1.647
   1.046
   3.441
   7.241
   6.918
   8.658
   8.093
   3.354
    3.33
   1.428
   1.276
    6.73
   9.203
   6.715
   7.259
   1.954
   5.118
    7.81
   5.543
   5.759
   5.352
   1.875
   2.292
   7.967
   3.316
   3.877
   2.774
   2.425
   6.996
   5.526
   1.799
   8.943
   2.385
   6.216
   1.155
   5.231
   6.925
   7.959
   9.047
   2.838
   5.941
   1.323
   3.531
   6.087
   6.082
   5.373
   3.956
   7.014
   7.757
   8.602
   7.399
   7.308
    4.57
   8.873
   6.104
   4.242
   9.762
   8.358
   4.917
   3.617
   1.646
   8.471
   2.726
   5.696
   4.042
   4.808
   9.896
   9.142
   4.722
   9.084
   2.711
   5.957
   8.839
   8.071
   3.805
   3.418
    2.37
   3.535
   9.605
   1.014
    5.55
   7.174
   7.767
   3.386
   9.314
   8.555
   3.612
   6.261
   1.729
   6.051
   1.564
   9.393
   3.437
    1.78
    4.59
   2.498
   4.088
   5.541
   4.633
   5.192
   6.779
   2.753
   9.054
   7.931
   9.492
    3.39
   4.067
   2.944
   4.533
   9.921
   8.176
   6.173
   4.966
   3.248
   8.615
   7.213
   8.051
   9.641
   5.784
   9.244
   3.687
   5.675
   3.684
   5.973
    9.84
   3.172
    9.36
   3.568
   8.991
   8.135
   5.335
   6.601
   1.564
   6.684
   3.046
   3.978
    5.37
   4.998
   6.286
   8.882
   1.042
   6.249
   1.637
    8.71
   3.473
   5.541
   2.912
   5.008
   7.251
   2.847
   5.587
   8.409
   4.102
   6.948
   4.244
   6.574
   9.323
   3.366
   1.005
   4.126
   7.219
   3.307
   4.969
   8.586
   4.546
   2.596
   4.654
   7.316
   2.941
   3.614
    3.43
   7.452
   7.365
   1.237
   9.958
   3.843
    7.54
   4.772
   1.627
   9.988
   4.382
   5.895
   4.992
   7.975
   9.445
   9.588
   5.214
   6.417
   8.354
   2.079
   8.493
   8.389
   5.242
   8.776
   5.506
   6.367
   4.193
   8.208
   6.848
   4.164
   8.673
   7.958
   6.468
   2.872
   2.971
   3.605
   8.106
   4.791
   5.636
    9.66
   6.727
   8.374
   5.913
   9.501
   5.968
   3.161
   8.184
   4.315
   8.563
   9.719
   4.402
   8.031
   6.793
   2.576
   9.529
   6.262
   8.913
   4.161
   6.975
   5.239
   2.596
   7.742
   2.036
   8.748
    8.37
   8.361
   3.329
   4.072
    7.05
   6.772
    4.23
   1.924
   2.183
   4.383
   9.313
   4.386
   1.481
   7.185
   6.788
   8.847
   7.259
   2.699
   3.936
   2.941
   6.874
   8.907
   8.547
   4.483
    8.16
   6.189
    1.36
   2.407
   2.868
   4.268
   7.498
   5.702
   2.103
   1.137
   5.907
   2.355
    8.76
   5.007
    9.79
   8.281
   7.963
   2.234
   3.051
   8.267
   2.502
   6.267
   2.726
   4.903
   3.271
   7.577
   4.425
   4.528
   1.704
   4.599
   8.766
   3.158
   5.215
   7.669
   2.817
   8.431
   9.631
    6.96
   4.529
    7.54
   7.636
   3.421
   8.174
   7.174
   6.204
   3.712
   1.785
   1.452
   8.035
   6.147
   2.594
   2.863
       2
   4.625
   2.466
   1.203
   7.568
    1.57
   3.337
   3.509
   2.253
   2.873
   7.655
   2.005
   2.047
   3.819
   8.815
    5.03
   6.855
   2.038
   8.596
    4.98
   8.939
   1.429
   7.598
   9.248
    1.35
   7.108
   4.685
   8.155
   4.369
   2.339
   5.413
   5.894
   1.942
   6.477
   3.477
   6.463
   4.119
   6.898
   7.141
   8.605
    1.49
   7.945
   2.682
   9.743
   9.624
   7.859
   7.822
   9.922
   5.508
   2.719
   8.168
   6.741
   7.979
   8.381
    1.65
   8.295
   5.168
   1.412
   6.957
   1.109
   7.933
   4.031
   8.976
   8.078
   4.298
   7.043
   3.228
   2.404
   3.891
    9.78
   4.307
   1.533
   1.382
   6.036
   9.317
   8.092
   2.916
   6.007
   6.307
   4.827
   7.559
   4.224
   9.715
   3.542
   6.726
   1.496
   5.797
   4.034
   1.626
   8.844
    6.07
   7.032
   2.696
   6.439
   1.751
   9.133
   2.037
   1.541
   8.187
   6.744
   8.855
   5.433
   1.302
   9.012
   3.898
   1.364
   7.026
   5.769
   1.892
   2.481
   1.739
   7.463
   5.977
    1.77
   1.704
   4.101
   7.149
   2.993
   8.507
   5.183
   1.694
   6.623
   8.494
   7.642
   8.626
   4.784
   8.207
   8.779
   6.126
    3.19
   6.824
   1.202
   2.979
   7.077
   4.596
   3.762
   2.008
   7.147
   2.281
   2.493
   8.519
   1.501
   9.587
   8.548
    2.73
   8.577
   8.606
   8.137
   2.216
   8.089
   7.251
   2.463
   7.339
   7.966
   2.696
    2.66
   9.693
   3.284
   7.813
   6.734
   9.536
   7.209
   5.607
   3.496
   6.231
   9.931
   2.657
     3.5
   6.681
   9.605
   1.549
   6.984
   6.767
   7.285
   9.319
   7.803
   8.788
   1.863
   9.888
   6.369
   2.895
   3.005
   8.496
    4.59
    2.53
   8.093
   4.147
   9.804
   7.864
   6.157
   7.038
   2.718
   5.234
   8.816
   2.005
   4.346
    2.58
   9.213
   1.953
   7.946
   1.884
   3.956
   2.299
    9.96
   7.605
   6.052
   7.405
   4.944
   8.119
   3.846
   3.019
   7.516
   2.157
   9.959
   9.712
   2.285
   7.237
   2.223
   1.313
   1.791
    5.11
   8.623
   3.351
   5.447
    4.19
   3.231
   2.487
   3.469
   2.996
   9.143
   8.955
   7.819
   7.586
    3.42
   1.999
   2.139
   4.001
   2.021
   1.312
   8.692
   2.692
   9.746
   3.468
   2.296
   1.968
   6.168
   8.366
   4.265
   5.428
   3.574
   9.665
   5.342
   3.398
     5.9
    3.22
   5.643
   8.372
   3.671
   4.521
   9.586
   9.446
   4.938
    3.13
   2.837
   7.758
   3.213
    7.12
   1.241
   6.923
   8.411
    6.51
   9.764
   3.475
   5.782
   8.704
   8.429
   4.299
   4.854
   1.929
    1.25
   8.072
   7.365
   8.671
   2.175
   4.698
   2.207
   4.114
   3.022
   1.749
   5.356
   5.576
   4.414
     5.9
   9.818
   8.947
   1.718
   4.366
   7.557
   6.128
   6.984
   9.342
    2.44
   2.467
    7.88
   3.438
   5.172
   7.195
   7.632
   2.118
   1.233
   5.868
   1.958
   8.137
   8.815
     4.8
   1.008
   1.977
   1.762
   3.502
   6.304
   4.289
   3.505
   3.121
   5.672
   3.326
   1.001
   5.875
   4.182
    8.38
   2.668
   5.494
   1.087
   4.225
   6.327
   4.652
   2.759
   4.549
   3.134
   5.411
   8.625
   6.393
   8.524
   8.652
   6.108
   7.592
   3.143
   4.519
   1.561
   6.206
   8.785
   7.852
   6.209
   8.962
   2.336
   3.624
    4.08
   3.693
   9.706
   9.383
   9.948
   3.769
   1.766
   2.685
   1.269
   2.541
    6.29
   1.534
   3.118
   8.776
   3.889
   9.819
   2.126
   1.094
   3.948
   7.751
   4.418
   8.406
   3.566
     5.3
   3.552
   1.352
   9.494
   5.633
   2.453
   8.737
   6.068
   4.555
   8.355
    8.97
   4.152
   7.939
   9.734
   1.501
    9.07
   4.171
   7.249
   6.259
   6.549
   8.582
   8.678
   9.089
   2.653
    8.89
   5.855
   6.189
   9.721
   9.632
   5.609
   3.548
   5.305
   4.609
     6.7
   7.384
   8.108
   3.315
   3.757
   5.581
    9.92
   3.382
   9.216
   3.125
   6.558
   8.013
   3.258
   3.545
   1.799
    7.42
   9.744
   8.348
   2.323
   5.265
   1.156
   7.457
   3.647
   9.091
   1.529
   5.647
   3.064
   2.765
   9.397
   3.987
   3.578
   8.915
   1.723
   8.272
   8.846
   7.365
   9.839
   1.464
   9.111
   6.574
   6.383
   6.128
   3.142
   7.072
   8.241
    2.87
    2.17
   9.902
   8.475
   1.777
   6.829
    7.05
   7.271
   5.847
   2.089
   7.891
   6.868
   1.437
   6.194
   2.618
   6.503
   2.691
   2.603
   6.688
   6.341
   5.983
   6.926
   6.253
   2.417
   7.354
   7.858
   2.599
   8.574
   1.946
   7.123
   2.587
   6.399
   1.445
   5.404
   9.084
   3.159
   6.513
   6.288
   2.408
   8.742
    6.23
   2.197
   2.759
   3.591
   4.527
    5.33
   6.661
   5.644
   1.629
     6.6
   4.397
   2.271
   2.487
   6.567
   6.447
   8.211
    7.22
   1.382
   6.927
   6.508
    1.55
    4.72
   1.024
   6.453
   1.238
   6.718
   2.436
   2.516
   6.527
   4.916
   6.806
   5.288
   1.572
    8.19
   9.164
   9.416
   7.886
   4.692
   3.361
    6.54
   2.769
   1.786
   8.509
   7.234
   8.753
   2.988
   5.416
   8.939
   3.032
     2.9
   8.026
   8.904
   6.907
   9.151
   8.854
   8.121
   4.219
   1.332
   5.426
   6.264
   3.786
   6.934
   8.713
   5.628
   2.845
   6.288
   6.574
   6.062
   4.483
   8.498
   8.188
   8.909
   8.082
   1.382
   7.494
   2.947
   8.748
   9.408
   9.629
    4.32
   5.757
   7.632
   3.365
   6.479
   1.986
   6.636
   5.545
   2.121
   3.355
   2.464
   6.523
   5.122
    9.26
   7.561
   5.599
    9.48
   3.015
   9.709
   1.458
   2.247
   5.287
   2.967
    9.61
   3.471
   1.534
   9.605
    7.82
    7.13
   4.442
   3.045
   7.555
   3.073
   8.365
   1.796
   8.413
   7.954
   6.757
   1.393
   6.566
   6.173
   9.616
   5.333
   3.195
   7.809
   6.917
   2.013
   3.931
   7.563
   4.052
   4.671
   9.286
   6.691
   3.266
   1.317
   5.096
   7.943
   3.095
   3.674
   6.957
   1.501
   6.804
   6.118
   5.661
   4.916
   3.823
   7.611
   2.637
   4.047
   5.187
   6.641
   9.385
   1.995
    6.97
   5.157
   1.913
   5.044
   7.726
   3.512
   1.179
   8.596
   7.925
   4.394
   9.525
   1.112
    9.39
   7.767
   1.115
   4.044
   5.735
   5.809
   2.372
   3.778
   8.803
   4.847
   1.418
   9.568
   3.102
   2.296
   1.508
   3.476
   8.246
   8.598
   2.471
   7.305
   6.386
   6.156
   9.144
   5.544
   4.656
