   907.5
   673.8
   749.3
   779.5
   367.4
   544.3
   288.8
   199.2
   138.6
   763.3
   311.4
   666.9
   633.7
   840.4
   966.8
   719.1
   600.6
   912.7
   487.2
   391.7
   666.3
   338.4
   530.4
     714
   580.8
     791
   724.3
   501.9
   960.6
   352.6
     410
   352.2
   532.4
     208
     386
   336.1
   577.3
   538.1
   151.7
   392.8
   374.1
   913.9
   551.1
   723.5
   743.1
   690.4
     117
   385.2
   390.1
   299.9
   414.2
   384.1
     350
     746
   583.4
   469.6
   330.5
   397.4
   885.2
   428.3
   455.9
   781.6
   843.7
     477
   310.8
   678.7
     990
   757.2
   684.1
   114.9
   106.5
   828.6
   812.3
   756.6
   569.9
   962.6
   123.6
     904
   195.9
   736.5
   881.6
   384.6
   281.9
   326.9
   929.1
   947.6
   151.7
   903.5
   831.4
   356.8
   698.6
     523
   220.7
   885.1
   729.5
   822.8
   439.6
   707.9
   508.3
   214.7
   884.6
   596.7
   800.1
   578.5
     750
   713.2
   114.7
     456
     772
   102.9
   950.3
   844.9
   471.9
   688.7
   737.4
     192
   800.2
     465
   782.4
   187.4
   480.2
   191.1
   811.4
   758.1
     452
     185
   714.2
   461.8
   215.6
   717.4
   487.6
   480.4
   475.6
   605.3
   179.4
   514.4
   384.2
   305.6
   732.2
   975.7
   185.2
   509.1
   327.1
   682.3
   257.8
   734.1
   627.3
   851.4
   160.4
   620.2
   422.1
   993.3
     374
   322.1
   970.5
   205.4
   446.4
     903
   544.8
   265.6
   735.7
   229.1
   674.9
   626.3
   554.1
   562.6
   691.3
   608.1
   811.7
   855.7
   369.5
   693.5
   360.1
   744.5
   773.3
   220.5
   436.3
   942.7
   598.7
   476.8
   106.5
   935.1
   617.9
   592.9
   709.5
   271.7
   922.7
   636.7
     401
   761.2
   868.2
   206.2
   396.8
   564.9
   817.1
   624.2
     417
   890.4
   282.7
   831.7
   429.4
   985.3
   573.3
   481.3
   593.6
   330.9
   235.6
   331.5
   304.2
   836.2
   398.4
   840.2
   835.3
   931.4
   216.6
   758.3
   783.6
   461.8
   414.8
   223.9
   512.5
   181.4
   531.2
   255.4
   295.7
   346.7
   660.9
     446
   261.1
   210.7
   500.4
   256.8
   334.2
   216.4
   190.6
   310.9
   182.5
   590.3
   260.9
     987
   958.4
   836.7
   673.2
   113.3
   743.8
   131.2
     765
   561.2
   793.3
   414.3
   993.9
   738.9
     978
   485.4
   180.6
   385.2
   629.4
   896.3
   853.4
   963.6
   283.2
   745.4
   191.3
   655.5
     723
   770.7
   768.1
   154.3
   223.7
   144.4
   596.2
     359
   795.8
   465.9
     270
   968.2
   928.9
   756.1
   210.1
   873.6
   935.3
     551
   606.7
   353.5
   194.2
   295.1
   463.5
   567.4
   694.7
   835.6
   241.4
   348.8
   680.4
   216.2
   902.3
   199.5
   892.5
   370.3
   252.9
   883.2
     914
   315.2
   988.3
   219.4
   913.2
   145.8
   735.8
   676.7
   687.3
   528.3
   998.7
   767.2
   506.6
   393.8
   800.1
   839.8
     158
   932.4
   226.5
   773.9
   688.4
   586.5
   371.7
   373.5
   749.3
   845.1
   580.2
   660.8
   139.8
   336.8
   191.7
   669.7
   650.5
   624.5
     284
   539.9
   607.5
   298.2
   917.3
   110.6
     216
   769.4
   177.7
   214.1
   604.1
   364.6
   421.1
   369.4
   166.3
   119.2
   116.7
   976.5
   807.5
   570.9
   991.2
   109.6
     687
   353.9
     772
   211.2
   461.6
   192.4
   331.5
   385.5
   529.9
   594.2
   930.3
   392.6
   975.6
     445
   561.5
   141.9
   611.9
   101.4
     194
     986
   524.5
   885.3
   116.4
   714.4
   415.9
   977.3
   780.9
   247.2
   348.9
   310.6
   946.8
     429
   690.3
   964.6
   324.5
   622.6
   254.9
   358.7
   419.1
   902.5
     749
   646.2
   874.1
   649.2
   414.4
     108
   315.3
   742.4
   271.8
   746.2
   794.4
   354.8
   464.8
   577.7
   532.9
   946.5
   203.8
   328.7
   165.9
   357.7
   409.3
   227.5
   885.4
   403.5
     956
   398.9
   784.6
   966.8
   616.5
   357.7
   201.3
   392.7
   604.9
   302.4
   762.1
   381.7
   920.7
   609.3
   825.4
   983.9
   292.6
   425.6
   825.8
   992.5
   621.9
   763.8
   517.6
   137.6
   626.9
   395.2
   718.6
   380.1
   285.7
   743.5
   553.8
     905
   781.1
   878.8
   999.1
   315.8
   843.3
   611.2
   325.2
   627.8
   294.3
   884.7
   341.3
   461.9
   891.5
   570.5
   938.8
   838.4
   871.1
   461.5
   935.1
   170.8
   292.7
   965.3
   717.3
   959.7
   981.9
   698.6
     386
   286.1
     175
   480.4
   598.9
   105.4
   362.4
   126.2
   714.9
   441.5
   232.2
   641.2
   537.5
   679.8
   914.2
   114.8
   258.6
   861.6
   523.5
   413.6
   402.4
   277.7
   404.4
   375.7
   869.2
   561.7
   573.9
   704.2
   878.9
   684.6
   565.8
   760.9
   714.9
   947.6
     274
   760.2
   767.7
   676.6
   796.7
   362.9
     579
   415.6
     780
   869.5
   585.1
   520.5
   861.3
   214.7
   260.7
   652.9
   913.7
   560.5
     763
   173.7
   889.1
   590.3
     375
   337.1
   762.5
   402.4
   749.2
   184.1
   475.4
   103.9
   552.1
   536.5
   779.6
   204.7
   806.9
   790.4
   481.1
   210.7
   338.1
   210.1
   883.6
     818
   214.8
   121.8
   332.6
   706.3
   994.7
   707.5
   458.9
   533.1
   867.6
   498.3
   722.3
   626.9
   999.2
   368.7
   155.4
   481.6
   975.2
   330.2
   907.7
   949.6
   544.5
   824.7
   988.7
   135.8
   463.4
   418.7
   512.3
   991.7
   639.2
   696.9
     740
   908.5
   973.7
   355.7
     425
   211.4
   407.4
   997.3
   256.1
   753.1
   462.9
   323.3
   100.7
   907.6
   688.9
   628.6
   749.4
   463.9
   403.6
   194.7
   259.4
   119.7
   439.1
   884.1
   198.1
   975.3
   384.2
   433.5
   187.1
   427.5
   329.1
   947.8
   545.9
   662.9
   808.5
   293.8
   435.4
     952
   945.6
   594.2
     502
   742.6
   195.8
   520.7
   121.2
   954.2
   990.8
   188.5
   941.4
     771
   581.5
   649.5
   527.5
   736.1
   882.6
   686.5
   404.8
   445.2
   316.1
   806.4
   602.6
   740.2
   954.7
   934.6
   498.2
   503.2
   366.1
   808.2
   560.5
   649.8
   556.2
     370
   493.6
   923.4
   713.4
   162.2
   980.8
   288.5
   751.8
   820.3
   928.4
   924.8
   355.6
   766.5
   108.9
   520.8
   722.1
   203.8
   905.6
   767.3
     906
   609.6
   155.6
   551.6
   462.9
   629.4
   793.9
   851.1
   293.4
   970.7
   997.3
   626.8
   786.1
   296.7
   427.8
   817.2
   862.3
   119.9
   176.3
   232.4
   618.9
   695.9
     907
   447.3
   372.8
   517.5
   100.4
   795.5
   604.2
   307.9
   997.3
   563.5
   100.6
   714.7
   842.8
   283.6
   400.6
   903.9
   729.8
   328.6
   337.2
   753.2
   142.7
   404.8
   482.2
   346.1
   501.3
   846.2
   389.5
   365.5
   604.6
   307.9
   338.9
   687.3
   174.3
   660.2
     380
   774.4
   698.9
   182.3
     276
   970.6
   876.9
   255.6
   347.1
   193.7
   161.3
     358
   514.6
     830
   502.8
   257.5
   244.5
   127.6
   893.5
   405.7
   291.3
   490.2
   911.2
     532
   841.8
   870.9
   662.5
   936.7
   558.6
   766.2
   727.2
   185.6
   124.1
   609.2
   301.2
   902.9
   384.2
   363.8
   741.2
   265.5
   492.1
   818.5
   107.9
   296.7
   551.8
   379.7
   309.7
   159.7
   662.1
   865.7
   746.6
   151.5
   860.4
   700.6
   954.2
   296.5
   166.2
     708
     547
   740.8
     125
   904.5
   962.4
   345.1
   251.9
   893.6
   904.3
   679.2
   675.8
   259.5
   787.2
   115.2
   282.6
   760.9
   879.4
   521.7
     259
   424.7
   347.4
   457.1
   436.9
   239.4
   798.9
   963.8
   136.3
   949.5
   827.3
   561.8
   809.5
   748.7
   454.8
     142
   584.9
   174.1
   176.8
   660.8
   510.4
   699.5
     905
   833.1
   897.7
   629.5
   311.6
   226.5
   365.4
   892.9
   872.8
   554.7
   283.3
   936.9
   812.8
   671.5
   215.8
   920.5
   347.3
   564.8
   565.8
   308.5
   727.3
   849.5
   718.6
   964.9
     583
   462.3
   785.1
     347
   367.4
   654.5
   646.4
   898.9
   500.2
   886.5
   796.6
   545.6
   411.4
   121.2
   487.4
   286.2
   284.9
   817.6
   371.3
   988.3
   102.8
   324.9
   645.6
   181.1
   488.5
   276.1
   995.9
   549.6
     851
   681.7
   540.3
   428.4
   228.3
   323.4
   472.7
   494.8
     831
     748
   406.7
   563.6
   786.8
   361.3
   119.6
   879.7
   383.4
   221.2
   395.6
   712.8
   212.6
   832.3
   270.1
   550.6
   214.2
   739.1
   573.2
   692.8
   519.6
   519.7
   273.4
   744.7
   495.5
   480.1
   921.6
     911
   487.6
   147.2
   294.4
   589.7
   864.5
   463.3
   438.3
   565.4
   161.6
   579.2
   413.4
   703.7
   424.5
   948.5
   736.7
   344.5
   852.7
   120.8
   626.5
   495.9
     444
   535.9
   645.5
   627.7
   637.4
   817.5
   845.3
   865.7
   757.5
   666.6
   709.3
   584.8
   657.8
   355.7
   897.1
   603.3
   664.8
   222.2
   488.1
   876.3
   621.6
   162.3
   524.9
   889.5
   731.5
   924.8
   357.7
   953.3
   602.2
   904.8
   287.3
   795.9
     989
   137.3
   609.4
   857.6
   138.7
   691.3
   658.3
   884.3
   933.9
   763.2
   550.2
   321.5
   935.7
   470.7
   227.7
   507.6
   428.7
   446.6
   302.8
   568.1
   563.5
   432.4
   201.1
     509
   601.5
   572.1
   805.4
   710.9
   557.9
   906.3
   799.4
   522.5
     246
