   19.25
   10.21
   17.28
   16.31
   14.51
   11.86
   17.41
   15.06
   12.44
   12.85
   14.61
   13.42
   12.63
   12.74
   15.57
   10.14
   16.18
   18.04
   15.64
   10.61
   15.04
   16.62
   18.24
   11.27
   11.43
   12.09
   14.22
   13.95
   17.22
   18.12
   11.28
    10.3
   13.25
   12.88
   13.29
   16.11
   18.75
   13.39
   19.67
   15.69
   10.72
   19.88
   14.82
   16.28
   13.26
   10.17
   17.42
   12.41
      17
   14.08
   19.87
   10.25
   18.44
   17.75
   17.61
   12.03
   19.32
   18.06
   18.55
   10.36
   16.03
   16.99
   12.39
   12.67
   18.95
   15.97
   10.04
   15.51
   11.85
   10.29
   12.96
      19
   11.25
   13.48
   12.57
   11.16
   15.79
   11.65
   19.59
   12.29
   15.63
   17.87
   13.44
   19.34
   11.78
   16.59
   11.61
   10.33
   15.55
   17.96
   19.02
   18.64
   17.83
   12.24
   17.41
   17.49
   18.55
   14.14
   14.72
   14.21
      16
   17.25
   14.45
    14.7
   16.22
   18.35
   15.05
   17.76
   12.41
   11.85
   19.26
   19.47
   14.24
    14.1
   13.54
   17.57
   17.27
   17.83
    17.4
   15.85
   12.31
   16.47
   12.81
   18.48
   14.81
   18.56
   13.53
   14.45
   14.22
    12.1
   14.53
   11.89
   13.37
   18.94
   11.35
   12.47
   17.82
   19.17
   19.45
   15.76
   15.31
   15.46
   13.62
   13.64
   15.02
   17.46
   17.35
   14.62
   17.07
   16.16
   12.19
   18.28
   11.79
   18.28
   17.11
   19.57
   19.16
   10.64
   17.94
   13.25
   18.17
   14.52
   16.65
   18.24
   16.15
   10.07
   10.82
   11.99
   18.24
   10.64
   12.96
   14.85
   16.66
   17.18
   19.87
   14.49
   10.17
   12.63
   12.07
   10.19
   13.39
   16.26
   13.15
   17.31
   16.18
   18.07
   19.12
   11.58
   13.07
   13.17
   17.82
   13.56
   12.56
   16.11
   18.27
   12.94
   16.54
   15.32
   10.07
   12.95
   19.65
   17.43
   12.76
   14.72
   18.67
   11.69
   15.18
   11.69
   11.87
    14.3
   14.89
   13.95
    18.4
   12.82
   17.48
   12.62
   17.67
   10.54
   16.02
   14.22
   18.73
   10.83
   10.36
   15.09
    19.6
   11.53
   16.58
   15.69
   16.72
   19.36
   16.28
   15.04
   14.26
   14.24
   16.05
   15.05
   13.52
   13.67
   16.75
   14.96
    12.3
   17.15
   12.98
    15.6
    14.3
   10.53
   12.37
   13.91
   18.44
   10.36
   14.99
   17.17
   18.31
    18.3
   12.76
   17.51
   11.48
   15.49
   18.75
   16.16
   18.88
   16.91
   16.64
   17.94
   14.24
   15.75
      10
   15.54
   13.39
   17.82
   11.77
   13.95
   13.66
   15.89
   13.54
   14.83
   13.27
   14.08
   14.99
   10.85
   10.69
   12.23
   13.23
   10.12
   14.02
   10.29
   12.19
   10.51
   10.37
   12.67
   11.99
   14.06
   15.21
   12.63
   18.32
   11.35
   11.79
   16.65
   11.82
   15.87
   10.47
   18.82
   17.41
   18.38
   18.13
   15.18
   13.75
   11.32
    17.5
   18.15
   12.54
   13.15
   16.59
   10.84
   17.92
   12.75
   18.03
   11.47
   15.84
   13.78
   18.46
   17.75
   13.48
   19.06
   17.89
   11.22
   18.53
   14.95
   19.09
   11.63
   18.68
   15.72
   16.96
   11.35
   10.88
   17.92
   17.89
   19.73
   10.81
   14.75
   19.17
   17.43
   12.21
   10.48
   18.33
   10.86
   16.24
   14.75
   12.54
   16.54
   10.91
   17.01
   17.95
   15.43
    10.4
   10.86
   19.11
   17.36
   14.45
   18.43
   18.33
   15.38
   17.77
   14.79
   15.03
   10.12
   19.35
   12.26
   15.15
   14.21
    11.9
   14.83
   10.49
   16.61
   11.18
   12.53
   18.11
      17
    15.4
   15.81
   19.72
   10.18
   14.58
   19.88
   11.02
   10.39
   19.95
   19.13
   11.06
   15.75
   13.27
   11.48
    11.7
   12.58
   16.28
   12.76
   16.88
    19.8
   10.01
   11.08
   12.08
   13.32
    14.2
   11.23
   13.62
   10.37
   16.64
      19
   18.11
   13.94
   12.56
   15.61
   11.78
   17.07
   14.04
   12.08
   19.85
   17.32
    19.3
   13.57
   15.93
   11.06
   12.17
   13.78
   11.38
   17.92
    11.4
   19.32
   14.69
   15.08
   10.06
   14.09
   10.87
   11.74
   14.91
   13.64
   10.77
   13.41
   15.78
   19.56
   10.52
   16.35
   14.93
   13.85
    10.9
   11.91
   16.47
   13.31
   16.64
    10.9
   15.66
   13.87
    15.9
      18
   18.34
   15.03
   19.57
   16.09
   10.32
   14.16
   10.66
   10.65
   16.67
   10.96
    13.7
   14.16
   11.21
   11.75
   14.11
   10.41
   15.78
    13.9
   17.53
   18.94
   19.69
   10.21
   19.25
   19.38
   19.06
   13.24
   13.58
   15.83
    16.2
   19.72
   13.16
   11.24
   18.98
    14.9
   18.44
   11.77
   10.21
   16.97
   16.96
    11.2
   17.04
   11.37
   12.78
   15.27
   10.28
   15.24
   15.84
   16.06
   13.84
   11.72
   11.32
    16.4
   14.03
   14.38
   19.05
   14.18
      19
   11.57
   12.84
   16.79
   18.11
   10.79
    19.9
   15.47
   11.25
   13.09
   10.19
   19.66
   18.28
   17.42
   15.79
   11.41
   18.35
   15.03
   10.28
   19.75
   19.33
   13.81
   18.14
   15.05
   17.13
    12.7
   14.08
   13.39
   15.12
   16.05
   12.46
   10.98
   13.49
   17.98
   16.62
   18.47
   18.59
   16.78
   18.31
   15.38
   12.37
   19.28
   17.01
   14.44
   11.71
   15.22
   19.33
   15.97
    17.8
   11.61
   18.39
    12.3
   15.53
   17.15
    13.2
   12.06
   12.86
   16.53
      18
   14.63
   10.17
    14.9
   11.67
   14.48
   19.69
   12.16
   17.11
   15.56
   14.81
   17.38
   10.57
   15.66
    19.5
   13.17
   11.07
   10.79
   17.68
   10.04
   19.77
   19.58
   12.56
   10.81
    19.3
   17.59
   16.07
   14.93
    13.2
   11.78
    18.2
    12.9
   15.26
   14.78
   16.36
   10.62
   18.88
   19.36
   14.81
   13.79
   16.49
   12.74
   13.97
   12.27
   18.87
   10.99
   19.85
   14.43
   14.58
   13.42
   13.38
   11.58
    19.3
   16.91
   19.83
   12.31
    15.2
   10.33
   18.15
   16.85
   10.35
   18.89
   10.34
   11.48
   18.06
   18.54
   10.88
    12.9
   16.28
   10.31
   16.03
   12.57
   16.95
    14.7
   13.25
   11.14
    15.4
   16.07
   10.59
   12.76
   19.72
   16.99
      16
   19.53
    10.1
   12.65
   16.79
   15.79
   18.27
   15.19
   18.93
   12.59
   16.81
    18.1
   16.48
   11.98
   18.58
    10.6
   10.91
   11.43
   16.04
   12.02
   10.53
   18.19
   10.68
   16.13
   19.84
   13.68
   12.35
   15.57
   18.91
   17.85
   18.67
   16.21
   12.73
   13.56
   14.37
    11.5
   10.64
   10.96
    10.7
   16.86
   15.63
   11.85
   14.79
   14.08
   13.79
   14.07
      19
   15.65
   13.64
   15.89
   10.36
   19.17
   15.51
   10.32
   19.86
   11.72
   10.94
   19.57
    11.9
    14.2
   12.01
   19.37
   13.62
   15.76
   10.76
   13.37
   14.29
   18.13
   18.55
   17.48
   14.68
   10.03
   15.41
    14.3
   16.46
   11.52
   19.47
   17.45
   11.53
   18.37
   16.26
   15.97
   11.42
   16.46
   18.15
   18.66
   16.69
   16.15
   13.71
   18.51
   16.24
   16.63
   17.06
   17.03
   16.76
   10.32
   17.27
   18.64
   12.04
   17.24
   17.72
   15.06
    12.4
   19.39
   15.48
   19.65
   14.02
   15.11
    10.7
   11.81
   18.33
   13.45
   15.95
   11.36
   11.42
   18.57
   15.64
   12.89
   13.34
   14.11
   15.36
   10.18
   17.56
   17.55
   11.27
    10.5
   10.28
   14.58
   19.45
   19.07
   19.82
   13.52
   15.33
   13.37
   16.04
   19.63
   13.01
   17.56
   19.65
   19.53
   14.67
   16.82
   11.61
   15.57
   19.91
   11.74
   12.53
   10.18
   15.17
   12.71
   12.02
   10.29
   13.07
   14.26
   18.05
   11.65
    11.8
   19.48
   16.36
   13.24
   14.49
   14.34
   19.82
   11.65
   18.57
   12.12
    17.8
   15.43
    15.2
   17.74
   15.54
   19.48
   18.57
   12.18
   13.55
   19.43
   15.32
   16.81
   16.96
      16
   13.93
    17.8
    14.9
   19.38
   14.03
   10.46
   19.89
   13.62
   15.86
   13.65
    17.2
   10.97
   19.57
   14.13
   14.22
   16.32
   14.63
   10.97
   19.85
   11.48
   19.23
   19.87
   13.88
   19.64
   19.58
   17.58
   16.33
   19.71
   19.37
   16.26
   16.87
   10.69
   19.09
   17.84
   14.17
   16.06
   15.43
   18.44
   15.27
   18.14
   10.63
   12.69
   14.97
   12.47
   11.88
   18.14
    15.2
   12.21
    10.7
   19.63
   14.39
   12.46
   12.29
   13.64
   16.85
    14.7
    14.9
    12.7
   12.14
    11.1
   19.25
   19.76
   14.47
   18.96
   17.86
   12.53
   12.02
   15.02
   14.45
   17.91
   16.38
    19.9
   13.29
   16.31
   11.87
   12.43
   18.62
   16.06
   14.96
   14.02
   13.96
   17.77
    13.6
   13.07
   11.56
   18.73
   16.64
   19.34
   11.71
   17.23
   13.18
   18.29
   12.14
      17
   11.94
   15.48
   17.41
   11.55
   10.64
   10.96
   18.28
   18.54
   15.41
    13.6
   11.04
   14.18
   10.09
   15.52
   16.96
   17.56
   15.68
   16.43
   11.61
   15.09
   19.68
      18
   14.24
   14.83
   15.45
   18.26
   17.19
   10.86
   11.62
   15.96
   15.23
   17.68
   11.46
   14.95
   14.94
   14.59
   12.22
   18.54
    14.1
   10.03
   14.54
   13.91
   11.06
   15.99
   11.81
   16.44
    14.1
   12.34
   19.55
   14.13
   10.82
   11.28
    14.8
   11.92
   17.51
   11.63
   15.45
   16.14
   18.54
   13.27
   19.67
   18.81
   15.71
   11.49
   15.23
   12.05
   17.63
   11.34
   18.94
   12.48
   19.12
   12.07
   15.96
   15.53
   10.54
   11.42
   19.22
