 0.06699
 0.05311
   0.148
 0.09668
 0.06734
 0.01426
 0.08462
 0.04773
  0.3535
 0.04989
 0.04144
  0.1691
 0.09324
 0.06057
 0.04069
 0.008537
  0.1077
 0.09256
 0.01203
 0.05617
  0.1902
 0.01493
 0.01878
 0.06537
  0.2065
  0.0591
 0.06304
 0.00719
 0.07066
 0.05224
 0.04561
  0.1215
  0.2038
 0.01921
 0.04755
 0.01956
  0.1772
 0.0005411
 0.08281
  0.1662
  0.1446
   0.105
  0.0722
 0.007324
 0.03504
  0.1151
 0.04501
 0.02999
 0.03832
 0.008145
  0.2164
 0.005123
 0.02582
 0.003867
 0.04983
 0.001175
  0.1444
  0.2126
 0.03379
  0.1774
  0.0451
 0.06542
 0.06166
  0.0049
 0.007136
  0.1612
 0.003675
  0.1017
 0.02756
 0.02254
  0.0613
 0.003716
 0.05341
 0.03422
 0.007423
 0.005884
  0.1384
 0.06877
  0.0453
  0.1234
 0.02316
 0.08126
  0.1154
 0.06694
 0.08141
 0.01013
  0.0283
 0.07124
  0.2647
  0.1849
 0.05623
 0.05641
 0.002046
 0.004749
 0.02573
 0.003958
  0.1314
 0.004272
  0.1086
 0.03201
 0.06871
 0.05475
   0.074
  0.2041
 0.09877
  0.1432
 0.005273
  0.1493
  0.1786
  0.0598
 0.09104
 0.06004
 0.01092
 0.00343
 0.002143
 0.02186
   0.139
  0.2833
  0.2802
 0.05677
 0.001594
 0.00379
  0.0351
 0.00383
 0.003466
 0.03465
  0.1745
  0.1181
 0.0008047
 0.01787
 0.002831
 0.005714
 0.06538
 0.02967
 0.01487
 0.06914
 0.02685
 0.09792
  0.1286
 0.05505
 0.02983
 0.01483
 0.04991
 0.06912
  0.1044
 0.07666
  0.1354
 0.002932
 0.06344
 0.008664
 0.08611
  0.1069
  0.1053
  0.1236
 0.01466
 0.03587
 0.02712
  0.0121
 0.08139
  0.0362
 0.02734
  0.2166
  0.0033
  0.1652
 0.004484
 0.01616
 0.04245
 0.01181
 0.0005914
  0.0598
 0.08549
 0.008655
  0.1918
  0.3768
 0.00861
 0.002003
  0.3569
 0.009684
  0.0637
  0.2072
 0.08052
 0.005605
  0.1254
 0.03026
 0.005095
  0.1193
 0.01617
 0.07658
 0.07231
  0.1426
  0.1828
  0.1292
  0.0637
 0.09847
 0.007409
   0.164
 0.09104
 0.07183
  0.0965
 0.05107
 0.05878
  0.1423
  0.2163
  0.0617
 0.04128
 0.04819
  0.1102
  0.1002
 0.05241
  0.1844
 0.05366
 0.003257
  0.1673
 0.03331
 0.06687
 0.02399
 0.06877
 0.05402
 0.09097
  0.1458
  0.1126
 0.005929
  0.1534
 0.01262
 0.06628
 0.01469
 0.04535
 0.007667
  0.0393
 0.01685
 0.03004
  0.1056
  0.1239
  0.0124
   0.127
 0.002656
 0.07934
 0.02237
  0.1361
  0.1685
 0.01655
 0.06453
  0.2186
 0.02886
 0.003253
 0.05961
 0.03014
 0.06853
 0.02238
 0.05201
 0.004548
 0.004237
 0.05713
 0.02434
  0.1409
 0.03398
 0.01175
 0.09817
 0.04548
 0.05029
  0.1972
 0.03841
 0.05266
   0.241
 0.05541
  0.2915
 0.07476
 0.04098
 0.03717
  0.1218
 0.05902
 0.04476
  0.1083
 0.08385
 0.008911
  0.1519
  0.1357
 0.01531
 0.02572
 0.03589
  0.1008
 0.02604
  0.0412
 0.01793
 0.08578
 0.005265
 0.01121
 0.05596
  0.3172
 0.001461
 0.03289
 0.01562
 0.002318
  0.1199
 0.06041
 0.007086
 0.05011
   0.134
 0.08288
  0.1505
 0.03837
 0.08204
 0.01844
 0.04828
 0.005183
 0.09377
 0.02595
 0.08428
 0.01203
 0.09712
  0.1021
 0.07106
  0.1593
 0.03766
 0.01579
 0.03885
 0.002818
  0.1739
 0.0005308
 0.08245
   0.154
 0.04386
 0.04101
 0.01303
 0.04422
  0.1925
  0.1052
 0.01566
 0.04854
 0.02736
 0.01868
 0.03173
 0.04726
 0.03664
 0.008065
 0.002043
  0.1131
 0.02091
  0.1204
  0.1233
 0.08395
  0.1099
 0.00243
 0.03309
 0.04015
 0.03379
 0.06058
 0.08261
 0.02469
 0.03279
 0.08482
   0.129
 0.07405
 0.07659
  0.2844
 0.04193
 0.005666
 0.02365
 0.03636
  0.0267
 0.02492
   0.178
 0.05381
  0.1882
 0.03622
 0.04824
 0.04433
 0.00448
  0.1108
   0.104
  0.1943
 0.02416
 0.02412
  0.1304
  0.0295
 0.07089
 0.01431
 0.09312
  0.1537
 0.005068
 0.02469
  0.3373
 0.05653
 0.002522
 0.005753
 0.01129
 0.01919
 0.007623
 0.06196
 0.03733
 0.09444
 0.04542
 0.07893
 0.01319
  0.1696
 0.06315
  0.2038
 0.04835
 0.06775
 0.07017
  0.1205
  0.1255
  0.1814
 0.009508
 0.08226
 0.03994
 0.00205
 0.04322
  0.1619
 0.001891
 0.03431
 0.05494
  0.1152
 0.02125
  0.1242
  0.0224
  0.1666
 0.03768
 0.05079
 0.009474
   0.121
  0.1339
 0.006005
 0.08794
 0.03919
 0.06351
 0.06596
 0.03687
  0.1475
  0.2089
  0.1275
  0.1141
  0.0751
  0.2444
 0.005722
 0.02982
 0.08324
 0.008184
 0.02722
  0.1469
 0.03291
 0.09373
 0.03232
 0.01539
 0.06624
  0.0945
  0.1145
 0.06658
  0.2106
 0.002863
 0.008256
 0.05647
 0.05458
 0.01015
 0.07757
 0.005344
 0.02819
 0.09687
  0.2074
 0.03513
 0.0008682
  0.0306
 0.03514
  0.0613
 0.007819
  0.0805
 0.07413
 0.001239
 0.006846
 0.03233
 0.05377
  0.1715
 0.03493
 0.04164
 0.009065
 0.002643
 0.04792
  0.2579
  0.1009
 0.007559
  0.2713
 0.04864
 0.02201
 0.04057
 0.05347
  0.1028
  0.1235
 0.05451
 0.01292
 0.01213
 0.01359
 0.06074
 0.00714
  0.0221
 0.05968
 0.001907
    0.17
 0.05457
  0.2676
 0.009861
 0.06878
  0.1034
  0.2267
 0.06285
 0.09181
  0.0777
  0.1624
 0.006336
 0.01939
 0.04214
 0.0002945
 0.09065
 0.09952
 0.03302
 0.02459
  0.1133
 0.06047
 0.02687
  0.1198
 0.01558
 0.08484
 0.02835
 0.06049
 0.001415
   0.185
  0.0174
 0.07573
 0.00938
  0.1476
 0.00551
 0.02341
 0.09219
 0.009462
  0.1303
  0.1291
  0.2648
 0.01409
  0.2101
 0.001441
 0.03326
  0.0663
 0.09433
 0.09948
 0.05643
 0.008205
 0.01417
 0.04357
 0.07742
 0.04288
 0.02467
  0.1893
 0.003967
 0.09433
   0.121
 0.04265
 0.08254
   0.024
 0.09033
  0.2042
  0.1895
  0.1067
  0.1051
  0.1501
  0.1439
 0.02821
 0.008988
 0.04647
 0.00463
 0.04857
  0.1082
 0.08858
  0.2503
 0.03714
 0.03145
 0.03116
 0.06485
  0.1027
 0.04005
 0.005286
 0.006728
  0.2276
  0.0192
 0.03948
 0.009902
 0.004769
 0.01244
 0.006601
 0.07946
  0.2516
 0.02877
 0.07931
 0.04499
 0.03701
 0.01764
 0.004074
 0.05706
 0.004341
 0.008739
 0.01377
  0.1532
 0.04752
 0.09406
  0.0272
  0.1377
 0.03686
  0.1296
 0.005584
  0.1746
 0.05574
  0.0808
 0.03177
 0.00525
   0.129
 0.07713
 0.06651
 0.04364
  0.0383
  0.1395
  0.0905
 0.0007479
 0.09056
 0.05884
 0.01384
  0.1106
   0.054
  0.1752
 0.004897
  0.1273
 0.004661
 0.03184
 0.01413
  0.0475
   0.198
 0.02856
 0.007195
 0.008069
 0.03452
  0.0874
 0.01302
 0.04862
 0.01823
 0.04296
 0.07384
 0.07141
  0.1695
 0.01058
 0.09973
 0.008222
 0.06854
  0.0446
 0.08006
 0.07716
   0.032
  0.2629
 0.08253
  0.1772
   0.227
 0.03524
 0.01577
 0.09142
 0.01004
 0.03724
  0.1061
   0.176
 0.06373
 0.007849
 0.02553
 0.08732
 0.01058
 0.05009
  0.1941
 0.03691
 0.05867
 0.02385
 0.01735
  0.1372
  0.1939
 0.01201
  0.0118
 0.00529
 0.04184
 0.05102
 0.01871
 0.09274
 0.07456
 0.004466
 0.05241
  0.1427
 0.03893
 0.01589
 0.09516
 0.02277
 0.004196
  0.1069
 0.02226
 0.01388
 0.02298
 0.05709
 0.02042
 0.09319
 0.03788
  0.1014
 0.07319
 0.07609
 0.03248
 0.08272
 0.02757
 0.09283
 0.08233
  0.0211
 0.004936
 0.03321
 0.07801
 0.05308
 0.07208
 0.01821
 0.03407
 0.03081
  0.2381
 0.07996
 0.09595
  0.1328
 1.547e-005
 0.04791
  0.0632
 0.001593
  0.1821
 0.02558
  0.0946
 0.02118
 0.01662
 0.01601
 0.003129
 0.001453
 0.06468
 0.02526
 0.03652
 0.01799
 0.02188
 0.02635
  0.3379
   0.392
  0.1023
 0.006695
 0.006605
 0.004234
 0.01731
 0.01325
 0.02803
 0.03719
 0.02133
 0.03514
 0.08249
   0.151
 0.01592
 0.03951
 0.05712
 0.06692
 0.00207
 0.02893
   0.106
 0.08809
 0.04231
  0.0103
 0.09655
  0.1008
 0.006326
 0.02982
 0.04294
 0.03507
 0.02705
 0.06599
  0.0579
   0.138
 0.05832
 0.01631
 0.04123
 0.06172
 0.01738
 0.06213
 0.02225
  0.0976
 0.08762
 0.003205
 0.004437
  0.1228
 0.07554
 0.008839
 0.08759
 0.01161
  0.1275
 0.02566
 0.01381
 0.04483
 0.02308
 0.05678
 0.03104
 0.05889
 0.02937
  0.1254
 0.02632
 0.09505
  0.1013
 0.07774
 0.01922
 0.03778
 0.09193
  0.1035
 0.05652
 0.08182
  0.1928
 0.05297
 0.000204
  0.1724
 0.06553
  0.0684
 0.06239
 0.01745
 0.07556
 0.05705
  0.1315
 0.009566
 0.07619
 0.01936
 0.08306
 0.005009
  0.2345
 0.05105
 0.06976
  0.2438
  0.0802
  0.1099
 0.09429
  0.1142
  0.1562
 0.05147
  0.1025
 0.01525
  0.0549
  0.1222
 0.01545
   0.155
 0.07097
 0.002545
 0.02211
 0.03708
 0.01815
 0.01698
 0.008616
 0.06012
  0.0454
  0.1185
 0.09134
 0.006028
  0.1068
 0.01332
 0.01106
 0.0008725
  0.1022
 0.004094
 0.03143
 0.04276
 0.03426
 0.02116
   0.053
 0.008539
  0.2723
 0.01555
   0.225
 0.08509
 0.02407
 0.03451
 0.01069
  0.0851
 0.06856
 0.007409
  0.1553
  0.1093
  0.1266
  0.1174
 0.03252
 0.04161
 0.03482
  0.1711
 0.01221
 0.05314
 0.04429
 0.009893
 0.02284
  0.1233
 0.001022
 0.01309
 0.02718
 0.06375
 0.09082
 0.02115
 0.04383
 0.01427
 0.02378
 0.08734
  0.0568
 0.04799
 0.01966
 0.04775
 0.01296
 0.07903
 0.01386
  0.1017
 0.06912
 0.06008
 0.09055
 0.04389
 0.01351
   0.031
 0.07983
   0.143
  0.1581
 0.003678
 0.001574
 0.01112
  0.1571
 0.006479
  0.1933
  0.1703
 0.02443
  0.1793
 0.0004909
  0.1215
 0.02755
 0.05598
 0.009737
 0.009704
  0.0329
 0.007946
 0.08011
 0.01433
 0.005101
  0.0291
  0.0566
 0.007106
 0.02301
 0.02587
 0.01466
 0.01648
 0.02328
  0.1256
 0.06976
 0.09021
 0.09106
 0.009331
 0.07883
 0.02004
  0.1008
 0.02322
  0.1285
   0.026
 0.005064
  0.2051
 0.04273
 0.0002038
  0.1533
  0.1004
 0.09853
 0.04049
 0.01448
 0.003407
  0.1652
 0.04374
 0.06459
 0.01744
 0.005353
 0.006419
 0.06509
 0.04899
 0.04555
 0.004794
 0.04635
 0.03682
 0.05182
 0.05036
 0.04149
 0.02488
  0.1001
  0.0445
 0.07899
  0.2556
 0.001702
 0.03535
 0.03574
 0.01592
 0.03665
  0.1063
  0.1952
 0.02908
  0.0448
   0.085
  0.0985
  0.1296
 0.01379
 0.03473
 0.06081
