   45.78
   60.52
   110.5
   62.91
   54.97
   13.32
   108.7
     105
   60.95
   77.47
   14.82
   13.91
   114.2
   83.03
      67
   50.79
   61.55
   46.74
    49.2
     110
   89.79
   110.2
   54.06
   97.44
   58.28
   37.89
   36.07
   88.27
   42.39
   35.44
   24.73
   45.49
   106.5
   27.64
   7.615
   87.77
   77.19
   36.62
   33.54
   97.71
    86.3
   9.944
   95.69
   99.89
   14.09
   88.76
    14.7
   89.05
    32.4
   105.9
   91.84
   78.17
   47.69
   74.06
   112.1
   36.64
   24.25
   13.84
   107.3
   48.34
   87.27
   111.9
    19.3
    29.8
   75.99
   109.2
      23
   108.3
    86.8
   8.963
   79.58
   10.03
   26.41
   14.78
   39.55
   98.18
   44.94
   28.92
    75.9
   101.1
   89.03
   30.33
   17.24
   40.24
     115
   12.76
   110.9
   58.73
   82.03
   32.94
   26.06
   28.98
   55.09
   38.65
    56.9
   41.13
   88.29
   26.87
   15.68
   11.06
   107.9
   91.91
   105.9
   58.53
   15.37
   33.53
   35.47
   115.3
   10.75
   65.07
   109.7
   83.36
   35.52
   91.56
   14.47
   102.8
   95.84
   87.85
   19.54
   50.27
   35.68
   36.75
   91.41
   26.78
   79.91
   87.14
   106.6
   76.06
   57.47
   52.09
   64.72
    12.6
   54.45
   7.024
   81.62
   19.76
   77.22
   7.778
   52.51
    37.9
   45.59
   28.78
   85.07
   32.55
   115.9
   11.17
   52.58
   42.47
    14.2
   20.88
   27.07
   7.824
   19.25
   76.82
   52.41
   38.28
    75.8
   88.96
   27.46
   21.15
   7.604
   16.48
   29.18
   109.5
   60.61
   25.87
   85.75
   110.3
   16.03
   99.07
   59.74
   82.47
   63.53
   81.62
   81.16
   55.17
   24.29
   60.72
   100.6
   75.75
   114.2
   83.42
   102.6
   37.96
   56.82
   94.73
   98.13
   60.06
   66.81
   95.69
   8.544
   92.95
   72.74
   81.59
   98.11
    78.3
   40.41
      90
   87.37
   106.7
   75.87
   28.98
   26.21
    25.6
   88.63
   55.13
      67
    37.8
   114.7
   71.77
   17.72
   89.23
   89.82
     107
   105.1
   27.23
   62.45
   32.02
   87.62
   88.67
   77.01
   48.88
   18.91
   68.03
   56.95
   78.98
   20.59
   25.59
   17.91
   30.99
   55.54
   115.5
    60.8
   69.06
   30.99
   83.84
   34.95
   110.9
   11.66
   86.98
   81.23
   95.89
   102.9
   79.46
    75.2
   33.29
   113.7
    82.2
   60.19
   50.28
   99.96
   10.67
   20.46
   110.1
   27.63
   52.96
    94.3
   60.21
   95.68
   57.91
   17.18
    10.4
   69.33
   23.25
   104.9
   50.88
   43.15
   33.75
   36.54
   80.46
   104.2
   89.29
   57.92
   74.64
   105.2
   43.01
   94.38
   23.74
   97.41
   89.44
   74.11
   91.05
   104.2
   42.64
   31.22
   110.9
   113.8
   44.29
   98.84
   76.86
   72.44
   61.83
   62.28
   79.78
   97.79
   46.59
   12.16
   25.99
   31.74
   91.91
   7.486
   15.39
   93.69
   41.28
   68.83
   59.57
   103.6
   86.44
   61.42
   19.95
   25.35
   45.51
   18.28
    95.9
    69.4
   71.13
   23.36
   102.9
   26.37
   38.59
   94.64
   70.48
   29.92
   33.91
   67.28
   70.71
     110
   72.03
   26.72
   45.97
   75.82
   34.87
   81.84
   77.26
   59.18
   49.52
   28.03
   102.3
    67.4
   96.31
   110.4
   73.49
   86.57
   56.96
   26.75
   6.399
   74.63
   92.71
   20.93
   27.53
    64.5
   32.41
   105.8
   92.63
    47.2
   80.72
   56.22
   34.74
   74.99
   96.14
   62.62
   52.38
   34.47
    79.2
   63.65
   97.62
   79.73
   110.6
   69.58
   34.27
   75.47
    69.2
   45.32
   15.91
   30.12
   10.37
   13.59
    94.1
   88.96
   103.9
   48.01
   46.48
   87.24
   22.33
   46.26
   84.87
   93.34
   88.82
   53.18
   23.44
   71.85
   115.5
   33.91
   96.77
   96.74
   111.5
      87
   18.05
   14.42
     111
   107.6
   17.15
   96.94
   111.6
   110.3
   8.772
   45.07
   12.29
   112.9
   80.57
   81.43
   101.4
   18.65
   101.3
   63.64
   114.9
   50.21
   98.78
    27.4
   54.76
   82.22
   88.36
   69.65
   16.62
   74.67
   10.71
   11.69
   18.21
   65.95
   110.1
   52.29
   47.37
      56
   102.5
   100.9
   110.2
   109.4
   103.6
   100.5
   59.29
   18.62
   17.37
   21.13
   81.56
   66.92
   23.45
   72.76
    86.7
   31.67
   75.91
   38.43
   85.12
   57.41
   61.08
   37.43
   16.12
   98.96
   65.76
   78.38
   16.01
   24.55
   95.31
   52.43
   26.23
   48.98
   11.79
   56.28
   61.51
    66.7
    22.1
    55.4
   37.93
   84.94
   66.07
    97.1
    41.1
   106.9
    84.6
   83.67
   44.28
    14.7
   67.82
   95.51
   66.46
   112.8
   103.2
   54.26
   110.5
   20.82
   93.49
   45.89
   101.4
   96.87
   25.28
   93.87
   44.16
   110.6
   16.68
   42.28
   72.04
   6.207
   35.69
    98.9
   54.77
   115.9
   58.22
   58.41
   86.54
   52.57
   6.279
   65.42
   94.19
   23.36
   16.08
    57.7
   105.3
   52.45
   46.14
   89.21
   76.44
   84.34
   35.45
   103.3
   51.02
   86.98
   61.55
    35.7
    97.7
   44.82
    58.7
   27.92
   28.39
   62.02
   85.97
   90.05
   106.4
   25.49
   45.38
   94.12
   104.4
   38.09
   60.04
   97.09
   13.01
   81.72
   82.25
   114.1
    88.3
   10.43
   51.61
   111.3
   20.39
   93.57
   53.21
   109.6
   81.35
   18.93
    35.7
   66.97
   73.44
    95.8
   79.41
   92.25
   37.13
   38.19
   114.5
   107.9
    79.3
   57.85
   79.13
    63.3
   91.35
   87.49
   77.46
   37.73
    17.3
   103.8
   97.88
   13.64
   11.94
    10.8
   61.12
   89.69
   48.94
   72.58
   88.34
   33.89
   78.99
   26.78
   109.3
   46.75
   77.92
   67.57
   20.37
   94.35
   94.81
   68.78
   62.88
   11.54
   80.12
   17.01
     101
   45.01
   43.85
   114.8
   110.1
   76.41
   103.6
   113.8
   114.6
   55.52
    92.8
   77.63
   16.24
   103.4
   48.67
   45.42
   82.39
   65.26
    40.5
   24.61
   113.8
   54.09
   107.7
   94.19
   43.14
   113.3
   87.99
   67.85
   92.63
     100
   105.4
   37.05
   52.63
   8.304
    68.5
   34.15
    99.5
   72.18
   48.53
   25.59
   73.83
   98.76
   107.4
   14.97
   78.52
   11.38
   16.13
   36.16
   86.93
   62.76
   72.43
   36.46
     101
   58.06
   49.38
   89.73
    89.3
   8.093
   13.24
   59.48
   35.34
   12.36
   41.68
   32.01
   95.49
   32.25
   51.86
   89.55
   97.24
   104.1
   68.59
   83.36
   27.25
   112.4
   52.45
   66.89
   79.53
   112.8
   57.88
   68.86
   43.51
   105.4
   61.36
   86.41
   12.23
   27.73
   9.486
   78.25
   100.4
   77.86
   87.13
   67.71
   52.55
   47.68
   105.5
   25.96
   61.19
   85.92
   100.5
   85.07
   44.89
   31.28
   50.38
   91.14
    26.4
   65.55
   34.36
   37.45
   70.83
   46.78
   60.49
   57.58
   113.7
   52.35
   113.8
   88.52
    9.16
   42.15
   94.59
    83.8
   17.99
   71.63
   86.21
    6.62
   85.83
   65.02
   73.55
   42.98
   111.3
   28.37
     101
   44.78
     104
   42.72
   100.4
   72.99
   12.84
   37.23
   49.75
   60.72
     104
   112.3
   20.53
    26.4
   19.09
   92.59
   6.431
   66.85
   33.34
   70.38
   81.25
   20.46
   113.6
   68.48
   7.047
   10.26
   76.75
   33.44
   52.25
   107.1
   77.33
   48.65
   49.82
   102.7
   106.1
   107.5
   105.3
   52.97
   38.12
   106.5
   95.17
   50.75
   10.56
   58.38
   44.54
   109.4
    31.2
   85.19
    65.7
   45.46
   26.32
    81.5
   76.04
   22.28
   108.9
   37.47
    66.2
   102.7
   76.87
      32
   38.22
   22.41
   10.89
   115.8
   53.65
   63.01
   102.9
   84.72
   61.66
   55.14
   43.81
   22.47
    57.2
   31.62
   62.12
   74.17
   19.11
   110.5
   91.61
   109.2
   68.22
   48.41
   39.68
   44.56
   75.52
   113.3
   55.42
   57.66
   40.24
      88
   27.75
   29.77
   28.02
   32.97
   73.54
   88.99
     109
   59.66
   35.73
   53.39
   75.94
   103.6
   81.47
   84.16
   42.39
   27.37
   90.21
   18.69
   50.78
   53.98
   31.88
   23.76
   10.54
   99.77
   14.96
   38.62
   76.24
   97.66
   114.6
   98.11
   35.72
   100.2
   90.95
   105.8
    18.2
   52.82
   96.83
   47.17
   102.4
   6.751
   66.32
   92.61
   34.74
   112.3
   92.66
   40.64
    47.3
   62.08
   36.41
   81.02
   26.12
   73.76
   13.58
   17.86
   109.2
   113.6
   113.7
   32.75
   74.77
   109.4
   8.195
   17.88
   49.21
   53.43
   98.04
   9.188
   115.3
   106.1
   22.32
   69.45
    30.5
   38.34
   26.18
   61.42
   44.64
   105.5
   18.95
   80.97
    68.5
    49.8
   62.27
   10.21
   51.69
   83.95
   88.26
   60.57
   30.83
     114
   57.58
     106
   67.68
   62.46
   7.619
   6.045
   77.26
   81.69
   100.6
   38.96
   95.99
   106.7
   11.58
   14.87
   109.8
   68.49
   76.89
   38.89
   102.2
   107.1
    21.9
   64.23
   102.6
    14.6
   109.4
   105.3
   14.06
   108.6
   87.49
   10.97
   101.9
   14.92
   8.041
   7.458
   51.52
   91.04
   54.48
   31.66
   6.453
   99.05
   40.12
   54.19
   66.72
   78.86
   6.179
   72.51
   6.844
   11.27
   49.99
   104.1
   93.97
   31.16
   43.07
   69.46
   36.02
   90.55
   9.256
   115.4
   19.79
   61.76
   62.84
   58.12
   99.09
   60.54
   16.68
   36.16
   22.87
   109.2
   90.35
   63.78
   53.34
   19.59
   78.23
   23.93
   24.09
   46.56
   57.67
   101.4
   48.24
   110.7
   107.1
   6.069
   16.53
   11.82
   24.02
   65.74
   85.46
   81.69
    33.5
   9.585
   65.44
   77.52
