   19.26
   21.49
   13.15
   12.45
   16.82
   13.09
   11.62
   15.54
    10.9
   9.893
   9.679
   20.26
   24.86
   19.17
   9.988
   16.59
   20.43
   11.36
   13.12
   21.18
   24.75
   23.06
   16.54
   20.31
   17.39
   20.01
   13.64
   24.95
   9.298
   16.12
   24.71
   13.69
   9.843
   16.46
   15.94
   19.81
   9.797
   24.23
   10.43
   10.23
   12.34
   15.82
   23.19
   20.51
   16.06
   11.75
   12.13
    17.9
   13.94
   19.72
   21.07
   20.29
   24.38
   9.554
   18.73
   23.22
   10.19
   16.26
   9.755
   22.89
   21.58
      19
   17.67
   23.16
   19.15
   12.08
   19.93
   10.55
   16.95
   11.96
   10.88
   9.225
   17.38
   16.27
   16.78
   24.01
   10.29
    10.8
   14.78
    15.4
   19.93
   24.47
   11.97
   18.52
   23.93
   24.39
   12.31
   22.18
   16.35
   18.79
   15.69
   23.82
   22.65
   16.09
   16.89
   20.56
   18.69
   15.84
   20.62
   16.15
   9.759
   15.77
   24.46
   12.03
   13.52
   18.75
   17.93
   14.26
   11.07
   23.81
   13.44
   24.58
   9.892
   17.13
   13.31
   15.38
   10.88
   11.06
   24.77
    16.7
   23.35
   19.09
   10.94
   11.25
   16.01
   14.89
   17.87
   21.39
   11.96
   19.26
    13.5
   20.13
   23.74
   11.18
   14.68
   18.14
   20.27
   14.76
   22.16
   22.75
   21.89
   10.28
   19.61
   12.94
   19.34
   21.19
   20.61
   10.35
   20.76
   9.068
   19.62
   22.28
   18.71
   24.67
   23.02
   16.68
   21.16
   22.91
   16.11
   9.154
   18.46
   13.83
   10.08
   21.97
   14.39
   21.67
   9.027
   11.06
   9.121
   11.78
   24.96
   16.98
   14.25
   9.715
    12.8
   11.98
   19.76
   12.14
   13.35
   18.94
   9.052
   9.915
   24.35
   22.41
   21.93
   11.03
   15.42
   23.59
     9.6
   15.64
   23.11
   15.35
   9.682
   23.05
   21.86
   21.19
    17.2
   22.75
   19.01
   22.28
   15.57
   17.34
   21.84
   12.46
   23.65
   13.61
   20.49
    21.2
   14.66
    13.5
   19.04
   24.65
   11.26
    21.1
   18.46
    16.6
    20.5
   17.66
   15.64
   15.51
   16.83
   16.58
   18.37
   23.47
   21.14
   22.42
   12.33
   17.27
   19.68
   21.91
   24.13
   19.31
   11.13
   22.92
   24.28
   24.68
   21.59
   13.47
   22.19
    24.1
   23.54
   16.76
   17.17
   10.98
   14.88
   18.12
   13.46
   20.35
   17.92
   20.06
   19.19
   23.91
   14.36
   17.23
   13.39
   17.03
   24.32
   19.45
   9.003
   9.719
   9.319
   10.67
   19.89
   17.65
   15.29
   20.02
    11.8
   21.14
   11.57
    16.8
    13.4
   20.19
    17.9
   13.42
   19.26
   9.427
   23.42
   24.48
   20.85
   17.15
   17.69
   9.743
   21.55
   16.31
   21.67
     9.1
   19.66
   11.52
   22.73
   21.62
   23.37
   14.04
   21.63
   12.51
   17.78
   16.79
   15.56
   16.16
   11.89
   17.35
    13.1
   15.08
   21.62
   24.96
   17.24
   10.98
   20.79
   19.49
   24.38
   15.68
   20.12
   22.51
   23.32
    10.2
   18.24
   24.21
   10.28
   15.68
    16.7
   22.44
   19.87
   20.44
   18.94
   13.73
   12.11
   18.94
    13.3
   16.24
   15.43
   18.81
   20.05
   12.81
   13.66
   15.83
   10.35
   21.91
   9.053
   16.94
   17.26
   24.68
   21.25
   15.22
   22.77
   19.93
    22.3
   12.93
   20.75
   15.09
   15.68
   12.47
      16
   17.29
   19.23
   23.41
    23.2
   24.29
   16.25
   21.46
   17.96
    15.5
    18.4
   19.49
   15.79
      23
   16.77
   10.54
   23.09
   10.54
   12.85
    22.8
   20.19
   24.49
   17.54
   14.59
   24.31
    24.9
   18.14
   9.437
   24.59
   20.48
   9.365
   22.98
   13.06
   11.58
   24.33
   22.03
   15.66
   13.21
   21.56
   11.56
   11.26
   14.06
   11.97
     9.7
   10.59
   15.45
   9.912
   22.72
   23.34
   22.35
   16.12
   20.06
    9.06
   18.41
   16.74
   21.31
   20.23
   20.93
   14.33
   23.22
   9.243
   23.85
   10.84
    22.7
   19.37
   20.79
   22.65
    23.8
   23.82
   12.01
   15.53
   12.76
   20.68
   11.43
   15.65
   12.93
   15.97
   21.63
    12.6
   11.86
    22.6
   24.84
   22.37
   16.22
   11.38
   21.95
   22.36
   10.86
   22.04
   23.51
   14.37
   13.78
   18.22
   24.72
   23.62
   19.13
   14.45
   12.44
   17.71
   20.23
   11.18
   20.18
   17.67
   16.54
   9.748
   23.11
   16.93
   20.69
   11.42
   9.062
   12.33
   17.46
   16.37
   17.52
    19.1
   18.78
   22.65
   18.62
    21.9
   22.75
   9.237
   16.16
   21.77
   20.61
   15.02
   22.59
   19.18
   19.77
   9.787
   18.02
   12.99
    18.8
   21.23
   21.21
   15.48
   14.41
   21.95
   16.59
   19.32
   24.47
   24.45
   9.236
    12.6
   15.02
   16.15
   15.88
   9.809
   19.24
   22.36
    23.9
   18.85
   16.47
   9.315
   14.36
   24.02
   19.22
   11.14
   16.95
   17.03
   16.13
   16.88
   21.03
      12
   11.03
   17.48
   14.62
   12.45
   13.87
   20.78
   23.38
   10.31
   15.78
   18.54
   21.65
   16.91
   12.05
   17.43
   19.41
      14
     9.1
   22.02
    21.3
   16.72
   15.54
   17.78
   17.61
   24.62
    17.1
   18.09
    23.3
   20.67
    15.7
   15.24
   20.97
   18.24
    20.4
   11.43
   15.89
   12.09
   22.41
   17.75
   10.98
   9.399
   18.11
   21.21
   13.82
   12.76
   16.04
   15.73
   11.63
   19.16
   11.86
   17.13
   10.32
      19
   11.44
   14.13
   9.425
   11.08
   21.76
   15.35
   9.146
   17.61
   9.985
   16.35
   17.34
    19.2
   22.42
   14.57
   24.53
   17.89
   15.55
   24.35
   10.88
   20.09
   22.97
   11.95
   17.22
   19.65
   18.49
   22.54
   24.04
    12.8
   19.02
   19.18
   22.46
    13.2
   11.68
   9.858
   21.29
   18.89
   24.69
   14.44
   21.99
   11.33
   22.48
   15.73
   9.649
    18.4
    24.6
   22.41
   24.04
   17.36
   16.77
   20.09
   22.59
   13.89
   21.86
   18.27
   15.37
   9.086
    10.9
   17.36
   24.12
   14.43
   22.09
   23.69
    9.22
   18.81
   23.75
   16.48
   20.72
   19.55
    17.4
   10.86
   13.32
   21.35
   12.69
   24.87
   13.39
   19.32
   18.43
   14.45
   13.93
      14
   17.58
   16.46
   13.61
    10.3
   22.27
   19.65
   23.77
   16.56
   16.78
   11.69
   11.39
   11.53
   12.55
   10.14
    18.1
   23.35
   23.17
   13.48
    23.2
   16.57
   23.39
   16.09
   14.65
   19.16
   20.11
   23.26
   12.05
   9.476
    11.4
   18.19
   9.675
    11.3
   9.474
   24.97
   15.43
    12.8
    15.7
   11.61
   9.909
   13.58
   11.62
   17.02
   17.33
   23.61
   13.91
   22.03
   16.59
   14.29
   17.42
   12.36
   12.24
   13.44
   18.15
   9.645
   9.476
   24.26
   20.25
   22.42
   21.16
   24.36
   11.03
   13.12
   10.79
   12.77
   15.96
   9.108
   11.56
   24.91
   9.664
   21.64
   21.29
   19.63
   18.93
   12.87
   9.461
   22.16
   17.68
   22.88
   20.21
   11.16
   14.02
   24.64
   19.34
   13.66
   9.186
   19.02
   13.29
   24.15
   20.59
   17.83
   24.19
   19.47
    24.8
   10.75
   16.78
    21.9
   12.53
   12.38
    17.5
   18.13
   11.65
   13.24
   9.419
   22.23
   14.19
   10.73
   19.27
    10.7
   15.34
   24.17
   12.45
   17.44
   20.44
   13.79
   11.99
   20.74
      20
   23.72
   9.606
   22.33
   12.66
      21
   20.65
   14.31
   12.23
   22.58
   11.14
    10.2
   22.69
    14.3
   16.74
   11.94
   13.16
   13.91
   21.79
   24.87
   20.92
    22.1
   14.26
   24.72
   14.41
   21.41
    24.8
   20.63
   12.21
   23.33
    21.7
   22.17
   10.08
   19.25
   13.91
    22.3
   19.93
   11.44
   10.05
   12.37
   12.81
    12.1
   9.366
   13.17
   21.94
   10.34
   24.79
   9.866
    21.7
   19.16
   9.906
   15.05
   14.61
   10.47
   9.936
   19.71
   22.37
    10.1
   24.77
   24.24
   12.82
   16.76
   15.97
   21.46
   18.95
   17.09
   9.712
   11.56
   17.92
   16.63
   23.87
   17.17
   18.04
   22.83
   10.96
    18.3
   17.78
   12.02
   9.151
   15.39
   12.76
   24.48
   21.27
   12.27
   18.77
   19.36
   21.79
   15.18
   14.74
   17.73
   11.87
   15.77
   13.76
   21.57
   10.29
    22.1
   22.08
   12.76
   12.51
   9.614
   14.11
   16.09
   13.63
   16.19
   19.41
   18.25
   15.43
    13.1
    17.7
   14.84
   17.31
   16.02
   9.849
    9.37
   23.37
   20.03
   24.89
   12.25
   17.33
   14.63
      15
   23.81
   17.58
   14.72
   22.54
   17.27
   20.17
   11.59
      11
   17.75
   21.79
   19.96
   16.03
    21.3
   10.82
   12.94
   24.44
   9.863
   22.26
   17.06
   13.21
   14.29
   16.78
   15.25
   20.46
   17.33
   15.72
   9.834
   24.47
   16.66
   12.05
   21.56
   14.67
   23.84
    9.41
   24.58
   14.66
   15.35
    13.1
   9.434
   9.184
   11.56
   21.08
   14.09
   15.15
   11.77
   14.94
   10.92
   24.62
   9.178
   14.96
   17.69
   11.81
   21.87
   23.06
   16.58
    20.1
   11.87
   13.81
   17.18
   9.013
   12.08
   21.45
   23.47
   21.24
   13.31
   18.86
   16.85
   13.62
   11.31
   20.59
   19.13
   24.15
    21.7
   9.854
   11.52
   18.99
   15.01
   9.496
   13.63
   11.45
   11.69
   9.036
   18.49
      21
   17.09
   19.64
   23.52
   16.26
   20.48
   17.15
   13.56
   18.02
      10
   13.03
   23.85
    10.2
   19.74
   13.43
   11.04
   10.91
   16.66
   10.14
   12.19
   15.39
   11.65
   19.63
   15.74
   19.04
    10.5
   9.981
   24.57
   24.43
    12.9
   19.98
   22.95
   16.28
   11.45
   22.03
   23.56
