    10.9
   15.79
   16.57
   10.93
   12.99
   14.59
   11.65
   9.956
   14.01
    8.98
   10.07
   14.84
   13.53
   8.514
   8.489
   14.34
   12.66
   9.712
   12.27
   13.83
   13.36
   10.45
   14.82
   9.757
   7.845
   14.31
   7.019
   13.97
   7.967
   14.99
   16.54
   8.091
   14.58
   10.65
   7.255
   7.917
   16.92
   8.308
   8.601
   7.771
   11.97
   8.193
   14.96
   14.89
   13.85
   8.136
   15.02
   13.79
   13.18
   7.942
   11.18
   10.66
   16.45
   13.76
   8.886
   7.707
   15.42
   12.47
   16.03
   7.564
   16.46
   16.04
   12.34
   7.641
   9.972
   15.92
   8.693
   14.51
    9.71
   7.396
   16.58
   8.277
   12.19
   13.98
   7.394
   16.96
   16.07
    11.8
   11.88
   10.86
   11.49
   13.92
   9.438
   16.94
   9.482
   14.79
   7.567
   13.19
   11.33
   14.56
   11.19
   13.03
    7.95
   13.48
   12.04
   9.649
   9.254
   16.28
   8.066
    10.4
   13.54
   16.54
   12.76
   11.16
   16.85
   11.04
   14.56
   10.74
   12.38
   14.19
   16.23
   15.23
   9.789
   12.34
   14.23
   12.35
   14.65
   8.219
    8.05
    15.9
   7.782
   15.26
   9.667
   10.06
   14.62
   11.99
   12.85
    13.8
   14.62
   16.43
   12.56
   15.26
    10.6
   10.42
   14.34
   16.11
    8.14
   14.05
   13.65
   15.93
   14.96
   9.989
   15.29
   16.58
   10.26
   7.884
   12.73
   16.59
   14.14
   8.733
   7.524
   15.52
   16.95
   9.253
   8.661
    8.33
   8.661
   16.26
   11.94
   9.785
   8.247
   11.04
   9.371
   8.798
   13.07
   13.74
   8.504
   12.82
   8.242
   7.702
   11.85
   12.21
      16
   13.89
   16.22
   14.62
    15.1
   15.24
   12.14
   9.344
   10.15
   11.02
   13.18
   11.73
   11.03
   11.23
   15.36
   7.536
   12.26
   10.97
   16.51
   7.289
   12.33
   14.81
   15.68
   10.69
   13.15
   11.17
   12.44
   10.97
   9.346
   16.68
   16.34
   9.267
   7.698
   10.59
   16.22
   9.013
   16.48
   9.097
   9.638
    10.3
   14.85
   9.769
   12.19
   14.23
   12.21
   15.88
   16.94
   7.364
   7.599
   10.82
   13.75
      16
   9.062
   12.43
   8.669
   10.62
   13.02
   7.406
   13.34
   10.24
   13.64
   15.68
   14.31
   16.79
   12.23
   14.76
   12.48
   9.461
    16.6
   14.14
   12.42
   9.134
   10.43
   9.666
   11.76
   12.71
   12.67
   7.895
    10.6
     7.5
   16.87
   10.49
   10.83
   15.61
   10.62
   8.573
   15.53
   8.288
   14.87
   7.135
   8.378
   10.34
   13.31
   9.375
   12.96
   14.46
   11.79
   11.09
   12.18
   15.65
   7.645
   15.06
   7.665
   15.55
    9.09
    15.4
   9.075
   16.84
    14.6
   11.95
   13.53
   7.633
   12.26
   14.66
   14.95
    15.8
   9.198
   7.938
   13.46
   13.37
   10.88
   15.04
   14.75
   10.94
   10.55
   12.46
   9.457
   11.97
   8.564
   14.28
   12.52
    7.26
    11.8
   16.54
   12.57
   9.221
   13.01
   11.66
   11.31
   16.33
   10.18
   12.75
    12.9
   7.449
   15.96
   8.031
   13.29
   16.25
   16.98
   15.21
   9.634
   15.56
   13.25
   15.82
   9.652
   11.72
   7.534
   9.632
      11
   9.016
   14.74
   9.005
   10.67
   13.99
   11.26
   13.27
   14.31
   9.846
   14.37
   13.12
   15.67
   10.84
   11.62
   14.96
   15.92
   16.64
   10.16
   15.28
   13.05
   16.67
   16.15
   15.07
   11.24
   14.54
   14.16
   14.15
   10.26
   12.39
   16.46
   15.57
   14.78
   15.27
    12.5
   9.958
   13.83
   15.51
   8.198
   9.945
   10.08
   7.107
   15.37
   14.49
   9.325
   10.08
   11.09
   13.28
   9.757
   14.88
   7.033
   11.11
    11.4
   16.73
    8.91
   12.22
   15.48
      10
   15.79
   14.73
   13.76
   12.63
   9.516
   14.95
   7.984
   10.43
   14.03
   11.82
   9.177
   11.53
   14.81
   11.24
   7.074
   10.69
   8.195
   10.44
   9.473
   13.74
   10.77
   12.41
   11.61
   11.88
   8.778
   10.19
   15.55
   16.12
   7.433
   11.34
   9.522
   11.63
   10.35
   12.23
   7.352
   12.12
   8.886
   12.48
   7.791
   14.18
   11.53
   9.294
   13.91
   11.72
   13.29
   11.85
   12.47
   10.29
   15.03
   15.67
    13.3
   11.48
   12.87
   7.013
   8.669
   7.304
    7.58
   7.219
   12.66
   14.53
   13.91
   7.109
   10.56
   9.121
   10.01
   11.35
   8.212
   10.55
   16.76
   12.84
   11.39
   16.21
   7.186
   7.052
   15.21
   15.77
   15.82
   16.46
   13.46
   15.59
   8.058
   14.86
    7.99
   13.02
   9.565
   11.79
   8.114
   10.85
   15.63
   16.88
   9.945
   11.65
   10.53
   14.23
   15.79
   12.15
   16.96
   16.78
   13.53
   7.609
   15.32
   10.71
   15.98
    16.2
   13.17
   9.787
   10.27
   13.38
   14.58
   9.753
   7.222
   16.27
   9.473
    12.7
   10.73
   8.027
   13.04
   11.43
   7.136
   12.21
    15.1
   13.86
   14.58
   7.168
   9.484
   7.373
   12.39
   10.41
   13.38
    13.2
    10.5
   12.99
   16.76
   10.78
   8.734
   13.84
   11.69
   12.19
   16.27
   14.23
   11.77
   16.42
   10.96
   12.03
   11.46
   13.87
   8.719
   16.19
   15.49
   10.61
   12.92
   11.06
   8.202
   12.85
   13.74
   10.76
   12.95
   11.24
   7.556
   13.59
   11.48
    15.3
    16.3
   16.37
   13.26
   7.751
   16.85
   8.828
   14.92
   8.937
    10.4
   7.996
   9.566
   11.16
   11.84
   12.55
   16.21
   13.07
   9.132
    7.21
   9.094
   14.03
   12.66
     7.1
   7.106
   8.535
   14.64
   12.13
   13.13
   10.51
   8.467
   11.37
   13.43
   7.762
    8.12
   7.439
   7.015
    16.3
   7.505
   10.84
   15.04
   14.73
    9.85
   14.38
   10.16
   8.642
   7.074
   7.521
    15.9
   14.97
    9.16
   10.76
   16.05
   16.38
   13.53
   10.01
      14
    15.6
   14.44
   10.95
    12.2
   9.881
   12.31
   13.45
   11.41
   15.28
   13.15
   15.89
   10.21
   11.11
   7.896
   9.567
   14.26
   14.25
   11.81
   13.06
   15.75
   13.56
   13.83
   16.63
   12.73
   14.28
   15.99
   16.54
   8.531
   12.33
   12.74
   9.476
   11.09
   8.741
   10.35
   16.92
   12.34
   14.03
   16.28
    9.51
   7.633
   12.55
   8.579
   11.41
   15.03
   16.87
   15.21
    14.7
   14.75
   12.18
   13.46
   13.74
   8.506
   10.61
    9.31
    9.56
   8.886
   15.67
   16.81
   14.22
   8.737
   16.58
   7.454
   15.19
   10.54
   12.64
   9.538
   9.723
   15.76
   7.647
   7.563
   9.237
   14.27
   14.24
   11.59
   13.68
   13.67
   8.276
   16.63
   15.92
   8.708
   13.21
   11.99
   16.09
   10.63
   14.47
   10.69
      16
   16.55
   13.84
   8.812
    13.5
   8.852
   13.81
   14.87
   16.84
   14.54
   11.98
   9.205
   9.044
   14.63
   15.42
   13.34
   12.32
    13.5
   15.05
   9.375
    12.4
   8.309
   10.01
    9.34
   12.91
   8.313
   12.03
   14.59
   9.801
    14.3
   9.832
   15.16
   15.65
   7.909
   13.47
   9.177
   14.07
   11.06
   8.714
   12.18
   14.11
   15.29
   11.45
   16.53
   14.57
   11.14
   12.04
   10.81
   8.445
   7.534
   9.667
   9.118
   7.238
   11.14
   16.76
   10.54
   15.38
   15.76
   13.33
   8.444
   14.57
    11.7
   11.38
   9.917
   8.176
   15.15
   9.242
    15.1
   15.61
   7.557
   15.98
   16.56
   16.68
   14.98
   15.75
   8.714
   15.99
   7.488
   12.19
   7.144
   7.301
   8.542
   12.78
   8.008
   7.898
   14.34
   13.21
   7.403
   12.99
   13.23
    11.8
   10.74
   10.07
   15.03
    13.8
   12.14
   13.28
   10.47
   15.85
   13.75
   7.812
   10.52
   10.29
   15.21
   14.26
   15.78
   9.554
   12.93
      13
   15.85
   10.56
   9.543
   8.575
   8.716
   9.064
   13.23
   14.06
   10.11
   14.05
   7.127
   15.45
   12.91
   12.11
   8.674
      16
   16.47
   11.79
   9.011
   10.65
   16.05
    7.99
   12.34
   10.36
   12.14
   16.34
   15.31
   16.52
   9.889
   7.553
   16.37
   15.27
   8.418
   11.83
   15.19
   11.96
   10.24
   13.22
   11.98
   15.42
   10.64
   13.98
    16.9
   12.43
   16.99
   8.966
   9.424
   12.04
   8.212
   10.03
   7.727
   9.962
   14.07
   10.34
   8.042
   12.95
   14.61
   8.806
   14.04
   13.15
   9.493
   14.44
   16.23
   12.51
   7.378
    10.7
   11.27
   7.129
   15.31
    9.93
   11.43
   11.65
     8.1
   7.664
    13.9
   13.63
   7.664
   7.048
   10.18
   7.883
   12.44
    13.2
   15.47
   10.92
   16.73
   7.583
   8.047
   15.25
   10.12
   12.38
   8.608
   13.83
   16.78
   14.89
    9.68
   14.38
   14.92
   11.85
   14.98
   13.78
   16.11
   13.88
   8.784
   12.45
   14.69
   9.805
   15.32
   8.727
   7.111
   11.04
   8.128
   13.21
   11.34
      16
   9.436
   13.19
   16.22
   14.41
   9.543
   16.97
   10.84
   11.76
   16.19
   8.268
   13.93
    13.6
   13.92
   10.59
   13.23
   9.973
    13.5
    11.6
   14.83
   9.766
   11.22
    7.51
   12.59
   15.09
   8.351
   7.417
   7.521
   15.64
   10.46
   7.722
   7.102
   13.11
    16.8
   16.48
   14.71
   15.52
   9.716
   7.785
   8.973
   11.62
   13.97
   16.14
   13.15
   15.26
   16.14
   10.82
   14.49
   9.749
   14.01
   10.28
   13.64
   12.27
   15.93
   16.51
      14
   8.197
   10.18
   9.385
   11.08
   15.53
   14.36
   11.09
   11.91
   9.223
   14.76
   10.47
    14.4
   15.59
   15.75
   7.386
    16.7
   16.65
   9.133
   7.126
    16.6
   14.55
   13.52
   14.76
    10.9
   15.87
   13.71
   9.504
   14.75
   16.07
   10.09
   9.134
    11.1
