 0.004098
 0.04735
 0.004096
 0.01565
 0.08402
 0.01855
  0.1106
 0.03614
 0.03204
  0.1336
  0.0232
 0.002376
 0.05089
 0.07872
 0.03118
 0.005497
 0.05052
 0.00383
 0.009184
 0.07976
 0.09026
 0.009965
 0.02415
 0.007469
 0.02131
 0.02425
 0.07648
 0.01317
 0.04788
 0.001919
 0.003361
 0.03335
 0.007948
 0.02073
 0.007437
 0.002647
 0.01507
   0.032
 0.05096
 0.03351
 0.002478
 0.0002424
 0.09467
 0.006763
 0.01446
 0.009944
 0.009716
 0.03905
 0.03996
  0.1319
 0.0009254
 0.004014
  0.1341
 0.000455
 0.00594
 0.03429
 0.01928
 0.005853
 0.01696
 0.02947
 0.001309
 0.04482
 0.01127
 0.03816
 0.005443
 0.005283
 0.008077
 0.04927
 0.09803
 0.01124
 0.02431
 0.01412
 0.009919
 0.01401
 0.02953
 0.003938
 0.04266
 0.00792
 0.06282
 0.02234
 0.06276
 0.002543
 0.06057
 0.01425
 0.0009918
  0.1163
 0.01283
 0.01463
 0.02789
  0.0159
 0.01184
 0.03689
   0.143
 0.05643
 0.004049
  0.0222
 0.03739
 0.01147
 0.01849
 0.02728
 0.01679
 0.09913
 0.01915
 0.05511
 0.001105
 0.02823
 0.05129
 0.06235
 0.03883
 0.01114
 0.03895
 0.02691
 0.0005105
 0.08062
 0.001426
 0.03777
  0.0602
  0.0367
 0.01222
 0.01381
 0.03446
 0.04587
 0.06568
 0.03016
  0.0166
 0.05035
  0.0536
 0.003465
  0.0314
 0.02052
 0.005545
 0.02015
 0.02538
 0.00457
 0.05661
 0.003074
 0.004212
 0.008573
 0.05151
 0.01995
 0.001933
 0.001355
 0.003306
 0.09517
 0.08631
 0.002106
 0.05867
 0.00555
 0.009176
 0.03827
 0.01649
 0.03252
  0.0201
 0.05228
 0.01529
 0.01714
 0.003714
 0.006753
 0.03701
 0.02184
  0.0426
 0.007607
 0.03152
 0.02169
 0.005556
 0.01424
   0.101
 0.006006
 0.01269
 0.05242
 0.07225
  0.1241
 0.02453
  0.1059
  0.0106
 0.03245
  0.0171
 0.0007032
 0.02593
 0.04467
 0.000264
 0.02452
 0.06679
  0.0104
 0.04871
 0.002048
 0.004464
 0.004581
 0.05817
 0.02385
 0.001029
 0.04415
 0.05178
 0.001123
 0.005872
 0.03658
 0.0002248
 0.006692
 0.00339
 0.003836
 0.01837
 0.06095
 0.01395
 0.01582
  0.1236
 0.02906
 0.02629
 0.03874
 0.00935
 0.01208
 0.02012
 0.02452
 0.06589
 0.04157
 0.0007066
 0.01056
 0.01572
 0.001288
 0.01491
 0.04678
 0.01634
 0.01432
 0.003037
 0.06972
 0.02922
 0.01903
 0.001146
 0.002741
 0.06139
 0.004601
 0.02429
 0.08797
 0.008629
 0.07232
 0.01991
 0.04637
 0.004128
 0.02199
 0.008293
 0.006039
 0.007768
 0.02197
  0.0612
 0.02419
  0.0341
 0.05248
 0.003232
 0.03655
 0.002575
 0.01004
 0.01718
 0.01557
 0.02681
 0.007778
 0.005733
 0.08686
 0.08304
 0.001337
 0.02166
 0.03637
 0.02294
 0.04017
 0.02646
 0.03546
 0.02121
 0.01979
 0.02271
 0.004748
 0.04442
 0.006723
 0.02449
 0.002068
 0.003002
 0.003708
 8.277e-005
 0.04693
 0.005189
 0.01151
 0.01575
  0.0236
 0.02862
 0.01158
 0.02423
 0.0005304
 0.004769
 0.02975
  0.0239
  0.0798
 0.02423
 0.01073
 0.06383
 0.02554
 0.04551
  0.0216
 0.01981
 0.01467
 7.497e-005
 0.003602
 0.04692
  0.0224
 0.03544
 0.006638
 0.04973
 0.01592
 0.03193
 0.03255
 0.005746
 0.01076
 0.003644
 0.04285
 0.007394
 0.05684
  0.0452
  0.0345
 0.0007084
  0.0331
 0.06262
 0.00335
 0.02079
 0.06587
 0.008511
 0.04355
 0.01656
 0.03963
 0.01489
   0.198
 0.02257
 0.001837
 0.02265
 0.01244
 0.02372
 0.08921
 0.03358
 0.001254
 0.009796
 0.008314
 0.03439
  0.0342
 0.03256
 0.003715
 0.01189
 0.03419
 0.05134
 0.03172
 0.01325
 0.06965
 0.004282
 0.01423
 0.02431
  0.0066
 0.01107
 0.05721
 0.04877
  0.1036
 0.01652
 0.007153
 0.004743
 0.03988
  0.2415
 0.04151
 0.05878
 0.03498
 0.002364
 0.01815
 0.02049
 0.009192
 0.008541
  0.0271
 0.09536
 0.03658
 0.04098
 0.00946
 0.02572
 0.02823
 0.02015
  0.1166
 0.004224
 0.02153
 0.005205
 0.005975
 0.09888
 0.01702
 0.008939
 0.05679
  0.1776
 0.01779
 0.005177
 0.001329
 0.05347
 0.008348
 0.006177
  0.0196
 0.04499
 0.03524
 0.03316
 0.001992
 0.08299
 0.01505
  0.1646
 0.02061
 0.009458
 0.009239
 0.03673
 0.04707
 0.03075
 0.002435
 0.02137
 0.06124
 0.06526
 0.001167
 0.01461
 0.003482
 0.06551
  0.0125
 0.02982
 0.07336
 0.02912
 0.03899
 0.07392
 0.009073
 0.007568
 0.001772
 0.01356
 0.01001
 0.001848
 0.06326
 0.02736
 0.05157
  0.0463
 0.09821
 0.04994
  0.1161
 0.01513
 0.06784
  0.0525
 0.03726
 0.01089
  0.0294
 0.005234
 0.01289
 0.01532
 0.000568
 0.002757
 0.006565
 0.003272
  0.0182
 0.03644
 0.002324
  0.0177
  0.0125
   0.105
 0.06661
 0.003289
 0.03762
 0.05031
 0.006463
 0.02068
 0.04613
 0.004732
 0.04128
 0.05123
 0.02109
 0.09957
 0.002418
 0.003635
 0.004011
 0.01471
 0.001772
 0.01289
 0.04435
 0.03908
 0.01795
 0.01813
   0.122
 0.02437
 0.01917
 0.01525
 0.01089
 0.04283
  0.0138
 0.008833
 0.05159
 0.02823
  0.1015
 0.008945
 0.04022
 0.05082
 0.008315
 0.05984
 0.08329
 0.02748
 0.06268
 0.05103
 0.02382
 0.04106
 0.05196
 0.00712
 0.02015
 0.03342
  0.0612
 0.02438
 0.001596
 0.02013
 0.006766
 0.05286
 0.01866
 0.001893
 0.09914
 0.02388
 0.01652
 0.002487
 0.05167
 0.05376
 0.03592
 0.003397
  0.0221
  0.0187
 0.03263
 0.03196
 0.01846
 0.08526
 0.06179
 0.007953
 0.00824
 0.02492
 0.02939
 0.01688
 0.008294
 0.01886
 0.02162
 0.09393
 0.005658
 0.03664
 1.265e-005
  0.0388
 0.03073
 0.01095
  0.1229
 0.06749
 0.03706
 0.01228
 0.01248
 0.08911
 0.01881
  0.0947
 0.02095
 0.04201
  0.0262
 0.02093
 0.0004853
 0.02829
  0.0623
 0.02176
 0.003688
 0.01212
 0.06149
 0.05469
 0.009211
 0.01077
 0.01382
 0.03235
 0.03946
 0.02264
  0.1778
 0.02589
 0.004824
 0.03814
 0.04723
 0.03316
 0.002596
 0.01207
 0.03977
 0.02355
 0.02669
 0.03122
 0.01213
 0.01605
 0.04365
 0.05181
 0.005987
 0.004981
 0.01239
 0.09735
 0.02216
  0.0135
 0.00682
 0.005794
 0.04821
 0.01652
  0.2294
 0.03089
 0.007991
 0.02551
 0.03369
   0.033
 0.01444
 0.09241
 0.0006992
  0.0418
 0.03533
 0.03576
 0.01035
 0.03191
 0.002162
 0.08966
   0.036
 0.01799
 0.01819
  0.1145
 0.0005467
 0.02736
 0.01307
 0.006773
 0.004924
  0.1455
  0.0169
 0.009233
 0.03286
 0.001398
 0.001633
 0.00307
 0.01372
 0.03953
 0.06118
  0.1239
 0.06187
 0.03161
 0.01293
  0.0291
 0.005232
 0.003204
 0.01375
 0.005532
 0.004415
 0.004607
 0.04213
 0.01249
 0.006677
 0.03116
 0.05923
  0.0173
 0.04794
 0.01342
 0.003995
 0.01683
  0.1396
  0.1256
 0.03009
 9.321e-005
 0.0008254
 0.007691
 0.03345
 0.03137
 0.06618
 0.05726
 0.01097
 0.03454
 0.05891
 0.04326
 0.08193
 0.01304
 0.002716
 0.001661
 0.05755
 0.06157
 0.005001
 0.002512
 0.05009
 0.02043
 0.02968
 0.02151
 0.02645
  0.0253
 0.02964
 0.01497
 0.02286
 0.02856
 0.01483
 0.007455
 0.005145
 0.01362
  0.0533
   0.148
 0.03409
 0.05688
 0.003209
 0.009991
 0.02576
 0.01761
 0.005366
 0.01005
 0.005559
 0.08104
 0.01239
 0.06649
 0.005866
  0.0263
 0.06188
 0.04176
 0.009648
 0.006285
 0.02141
 0.01199
 0.03217
 0.004984
 0.001175
  0.1085
  0.0278
 0.02316
 0.06239
  0.1116
 0.001195
 0.003901
 0.02745
 0.03023
 0.003345
 0.02005
 0.02318
 0.01107
 0.03702
 0.001443
 0.01158
  0.0207
  0.0026
 0.004665
 0.01753
 0.06612
 0.01415
 0.002583
 0.05215
  0.0169
 0.005818
 0.007137
 0.01427
 0.01443
 0.003368
  0.1094
 0.02541
 0.01478
 0.01385
   0.117
  0.1146
 0.02325
 0.01117
 0.001893
 0.06009
  0.0166
   0.132
 0.01247
 0.03869
 0.006975
 0.03999
 0.009896
 0.05836
 0.03452
 0.03732
 0.04399
 0.07972
 0.01216
 0.01941
 0.005102
 0.02327
 0.01544
 0.02392
 0.01255
 0.04356
 0.08854
  0.1032
 0.05051
  0.0413
 0.07374
  0.0596
 0.03921
 0.008031
 0.006083
  0.1686
 0.09958
 0.00523
  0.0314
 0.01327
 0.006312
 0.006427
 0.009157
 0.03514
  0.0759
 0.01095
 0.003808
 0.002415
 0.02641
 0.01228
   0.021
 0.02142
 0.02637
 0.02394
 0.08773
 0.01637
 0.01336
 0.006705
 0.01123
 0.009548
 0.01799
 0.003145
 0.05416
 0.003585
 0.02461
 0.005661
 0.006559
 0.004348
 0.02839
 0.0004758
  0.0265
 0.008236
 0.05153
 0.01958
 0.04236
 0.02757
 0.04163
 0.006616
 0.002885
 0.007486
 0.01408
 0.006235
 0.03419
 0.02136
 0.004621
 0.01463
 0.01282
 0.05204
 0.001341
 0.007334
 0.04209
 0.00145
 0.03301
 0.005372
 0.01693
 0.005013
 0.008755
 0.01174
 0.05856
 0.04225
 0.04568
  0.1014
   0.022
 0.03347
 0.0002057
 0.003425
     0.1
 0.02083
 0.02389
 0.002002
 0.06408
 0.005509
 0.07532
 0.0005398
 0.004617
 0.02108
  0.0291
 0.02611
 0.06461
 0.04678
 0.006034
 0.01274
 0.02423
 0.01202
 0.008325
 0.01906
  0.1184
 0.0004286
 0.02714
 0.007397
 0.01783
 0.06487
 0.008918
 0.02336
 0.03924
 0.03431
 0.02335
 0.02893
 0.005746
 0.01633
 0.00304
 0.01746
 0.04387
 0.09069
  0.1945
  0.0135
 0.005865
 0.02252
 0.04723
 0.03279
 0.05464
 0.01289
 0.02417
 0.003676
  0.1402
  0.0047
 0.09667
 0.02375
 0.04447
  0.0394
  0.0135
 0.01487
 0.00851
 0.02462
 0.05173
 0.00932
 0.02064
 0.01066
 0.006394
   0.023
 0.03296
 0.01485
 0.00594
 0.05737
 0.0008846
 0.02785
 0.01537
 0.04114
 0.001926
 0.02827
 0.01756
 0.005462
 0.02026
 0.02301
 0.08136
 0.001861
 0.01311
 0.02267
 0.02782
 0.07759
 0.002459
 0.01188
  0.0124
  0.0138
 0.02329
 0.04946
 0.008751
 0.03434
 0.003231
 0.02464
 0.04163
 0.01491
 0.03805
  0.0176
 0.02589
 0.05363
 0.09213
 0.004962
 0.06863
 0.03634
 0.002507
 0.04573
 0.01302
 0.02935
 0.003868
  0.0142
 0.003471
 0.03754
 0.07463
 0.02148
 0.08899
 0.004448
 0.006259
 0.05466
 0.01088
 0.03474
 0.02783
 0.03257
 0.01226
 0.01117
 0.05348
 0.02032
  0.1352
 0.03817
 0.02857
 0.02832
 0.002067
  0.0729
 0.05136
 0.03022
 0.009735
 0.04303
 0.02166
 0.002288
 0.01077
 0.02478
 0.0004018
 0.07101
 0.05963
  0.0276
 0.09921
 0.003807
 0.04574
 0.03813
 0.01432
 0.01047
 0.001184
 0.06138
 0.03849
 0.004923
 0.05666
