 0.006908
 0.009854
 8.305e-005
 0.01576
 0.01875
 0.05854
 0.001282
 0.03584
 0.01947
 0.06191
 0.007381
 0.01556
 0.009008
 0.01162
 0.004411
 0.05918
 0.02263
 0.06287
 0.002398
 0.007249
 0.01076
 0.01182
 0.01955
 0.00337
 0.008394
 0.02864
 0.03511
 0.004418
 0.006315
 0.01166
 0.03621
 0.007188
 0.002815
 0.02356
 0.006724
 0.07964
 0.06744
 0.03549
 0.005572
 0.01687
 0.00157
 0.02966
 0.005809
 0.01747
 0.001401
 0.03095
 0.01115
 0.01319
  0.0343
 0.04806
 0.01711
 0.02066
 0.03111
 0.01071
 0.004161
 0.04581
 0.02778
 0.02678
 0.008302
 0.04268
 0.002701
 0.01973
 0.004373
 0.05293
 0.02458
 0.0009162
 0.01533
 0.007301
 0.007278
 0.005233
 0.008575
 0.002783
 0.004324
 0.001207
 0.01041
 0.01126
 0.01171
 0.02447
 0.02147
 0.008291
 0.004091
 0.002586
 0.004827
  0.0027
 0.00416
 0.01829
 0.005274
 0.04532
 0.008264
 0.008184
 0.006032
 0.008795
 0.01756
 0.004998
 0.003416
 0.005749
 0.0007156
 0.02592
 0.001954
 0.02783
 0.01682
 0.01702
 0.02016
 0.008415
 0.04671
 0.002783
 0.003416
 0.00324
 0.01313
 0.02969
 0.00423
 0.01149
 0.01309
 0.001799
 0.003687
 0.01673
 0.007614
 0.01612
 0.002777
 0.003879
 0.04458
 0.002364
 0.03524
 0.02326
  0.0178
 0.01966
 0.000666
 0.008987
 0.01735
 0.01394
 0.001481
 0.00776
 0.01533
 0.01326
 0.01049
 0.009845
 0.08985
 0.01651
 0.01901
 0.01932
 0.07594
 0.01299
 0.004567
  0.0433
  0.0184
 0.006633
 0.02347
 0.005219
 0.001896
 0.03496
 0.00232
 0.02524
 0.00342
 0.01183
 0.008379
 6.51e-005
 0.04839
 0.01377
 0.0008639
 0.007636
 0.01022
 0.04191
 0.02723
 0.001498
 0.0009531
 0.01205
 7.536e-005
 0.006623
 0.002624
 0.00152
 0.00578
 0.002279
 0.01246
 0.009971
 0.001408
 0.01756
 0.007528
 0.008143
 0.004738
 0.0009868
 0.003178
 0.05246
 0.01046
 0.02019
 0.05122
 0.002299
 0.002954
 0.002119
 0.004793
 0.00832
 0.01113
 0.003237
 0.004437
 0.00669
 0.01488
   0.046
 0.01956
 0.001634
 0.01154
 0.001366
 0.003775
 0.07848
 0.005187
 0.009935
 0.0009867
 0.00176
 0.0001583
 0.02389
 0.008386
 0.02658
 0.04272
 0.0002256
 0.007517
 0.007506
 0.01108
 0.000508
 0.000311
 0.009692
 0.008802
 0.00328
 0.007967
 0.02011
 0.01924
 0.03069
 0.02118
 0.007549
  0.0209
 8.25e-005
 0.007995
 0.02263
 0.006894
 0.01852
 0.04996
 0.03368
 0.03724
 0.02265
 0.00501
 0.06899
 0.005544
 0.005306
 0.01332
 0.001928
 0.001333
 0.002966
 0.01064
 0.01813
 0.01001
 0.01998
 0.002397
 0.001072
 0.01039
 0.003919
 0.002525
 0.001018
  0.0409
 0.009178
 0.02219
 0.01295
 0.01001
 0.005101
 0.03446
 0.001585
 0.02316
 0.004217
 0.002783
 0.005815
 0.009673
 0.0008604
 0.09074
 0.01603
 0.004524
 0.003836
 0.01601
 0.02636
 0.06036
 0.01327
 0.005635
 0.008289
   0.017
 0.03043
 0.002027
 0.009319
  0.0149
 0.004593
 0.005107
 0.04378
 0.008859
 0.06119
 0.001313
 0.008652
 0.001814
 0.02636
 0.05196
 0.01408
 0.001058
 0.01984
 0.01451
  0.0249
 0.00423
 0.006544
 0.07339
 0.01511
 0.002404
 0.01424
 0.007958
 0.009707
 0.03701
 0.004619
 0.01354
 0.001471
 0.007059
 0.009462
 0.02031
 0.002951
 0.001768
 0.005994
 0.01344
 0.03554
 0.01145
 0.01001
 0.009812
 0.01065
 0.03776
 0.01601
 0.007807
 0.02636
 0.01049
 0.003343
 0.001416
   0.033
 0.01083
 0.01792
 0.0007244
 0.009206
 0.004428
 0.01001
 0.01527
 0.01376
 0.002652
 0.004303
 0.002042
 0.00421
 0.02967
 0.01242
 0.02205
 0.02115
 0.003971
 0.009191
 0.02782
 0.009785
 0.009805
 0.06801
  0.0199
 0.005736
 0.002973
 0.02447
 0.06231
 0.005151
 0.006777
 0.01717
 0.006961
 0.001433
 0.01226
 0.001846
 0.04326
 0.01621
 0.02974
 0.03185
 0.001811
 0.01965
 7.82e-005
 0.01272
 0.01814
 0.00781
 0.008123
 0.00305
 0.07284
 0.01912
 0.004733
 0.01712
  0.0264
 0.003197
 0.01253
 0.01143
 0.01496
 0.007673
 0.002946
 0.005441
 0.01025
 0.01136
 0.04075
 0.003407
 0.004054
 0.04492
 0.01619
 0.01572
 0.009354
 0.02208
 0.004283
 0.02625
 0.01478
 0.007587
 0.01973
 0.004486
 0.001389
 0.001669
 0.00589
 0.006859
 0.003284
 0.01394
 0.01064
 0.0003772
 0.005894
  0.0131
 0.001104
 0.002237
  0.0445
 0.005033
 0.003271
 0.003109
 0.01866
 0.001167
 0.01036
 0.02434
 0.009611
 0.07414
 0.001558
 0.005791
 0.007304
 0.005779
 0.01799
 0.006547
 0.04454
 0.00211
 0.01428
 0.006373
 0.001201
 0.03194
 0.02994
 0.002216
 0.002588
 0.04208
 0.003782
  0.0114
 0.001833
 0.002878
 0.004984
 0.02804
 0.009648
 0.01057
 0.01086
 0.01002
 0.008105
 0.009305
 0.006091
  0.0106
  0.0292
 0.02123
 0.00263
 0.002675
 0.01018
 0.02759
  0.0101
 0.01027
 0.03049
 0.009506
 0.04109
 0.02985
 0.008923
 0.004493
 0.005713
 0.01142
 0.01633
 0.004497
 0.01815
 0.003781
 0.06022
 0.01062
 0.009737
 0.01716
 0.05987
 0.01342
 0.008017
 0.003914
 0.00752
 0.003631
 0.01934
 0.006388
 0.002827
 0.02184
 0.001984
 0.003563
 0.01252
 0.02995
 0.03532
 0.004946
 0.002677
 0.04102
  0.0584
 0.02767
 0.05615
 0.02226
 0.04939
 0.01299
 0.01002
 0.001427
 0.003724
 0.002145
 0.01851
 0.00164
 0.04094
 0.01695
 0.004511
 0.001094
 0.00287
 0.009016
 0.008262
 0.03069
 0.04429
 0.006602
 0.003347
 0.01219
 0.004749
 0.01026
 0.00731
 0.03798
 0.003855
 0.02046
 0.01447
 0.0009864
 0.0004201
 0.005622
 0.009018
 0.04521
 0.001346
 0.005528
 0.008019
 0.05228
 0.0009574
 0.005265
 0.001057
 0.01052
 0.04214
 0.02984
 0.001303
 0.009904
 0.001234
 0.00296
 0.005036
 0.04702
 0.005148
 0.01251
 0.01928
 0.01603
 0.03208
 0.0006255
 0.01994
 0.01177
 0.02003
 0.03661
 0.0001082
 0.007403
 0.006772
 0.005509
 0.01572
 0.005992
 0.05106
 0.02106
 0.003809
 0.008337
 0.01079
 0.02022
 0.02863
 0.003939
 0.02231
 0.004783
 0.004095
 0.006513
 0.00797
 0.008946
 0.02161
 8.161e-005
 0.0004265
 2.445e-005
   0.011
 0.01371
 0.004072
 0.03292
 0.007512
 0.004522
 0.01876
 0.02592
 0.001923
 0.008649
 0.004548
 0.02922
 0.006481
 0.00859
 0.03273
 0.04334
 0.01819
 0.06453
 0.02812
 0.01028
 0.02692
  0.0259
 0.01886
 0.04146
 0.01056
 0.003563
 0.008956
 0.005083
 0.01518
  0.0121
 0.008962
 0.01841
 0.006964
 0.03668
  0.0146
 0.0009422
 0.002306
   0.014
 0.008687
 0.01043
 0.01999
 0.02039
 7.918e-005
 0.07112
 0.006224
 0.02431
 0.001996
 0.03686
 0.01475
 0.003148
 0.006417
 0.01361
 0.02398
 0.02454
 0.000672
  0.0328
  0.0163
 0.01357
 0.009654
 0.01962
  0.0174
 0.001948
 0.02646
 0.01816
 0.0009076
 0.002138
 0.005606
 0.01366
 0.02187
 0.001713
 0.003253
 0.05722
 0.01501
 0.02701
 0.03205
 0.02068
 0.007576
 0.04753
 0.05001
 0.01778
 0.02251
 0.01243
 0.005307
 0.001072
 0.01117
 0.01872
 0.000714
 0.002499
 0.01018
 0.0004092
 0.02194
 0.02441
 0.01781
 0.004322
 0.008955
 0.0002752
 0.006912
  0.0235
 0.01348
 0.01109
 0.0006221
 0.005414
 0.004603
 0.005168
 0.01346
 0.004211
 0.002699
 0.002411
 0.005385
  0.0087
 0.01751
 0.005607
 0.04118
  0.0152
 0.05627
 0.04552
 0.02384
 0.001131
 1.806e-005
 0.02206
 0.02254
 0.0007151
 0.01423
 0.01173
 0.008769
 0.009448
  0.0135
 0.01792
 0.00117
 0.008034
  0.0204
 0.03048
  0.0211
 0.01902
 0.03902
 0.009465
 0.007578
 0.01061
 0.002246
 0.003954
  0.0273
 0.02233
  0.0128
 0.02434
 0.03275
 0.04251
 0.01665
 0.004777
 0.007475
 0.008287
 0.003195
 0.02168
 0.005288
 0.003028
 0.005072
 0.05488
 0.01867
 0.005388
 0.01168
 0.02137
 0.05007
 0.01155
 0.0006496
 0.01666
 0.01722
 0.03238
 0.00934
  0.0116
  0.0264
 0.002383
 0.001335
 0.0003616
  0.0231
 0.01021
 0.03496
 0.003234
 0.007925
 0.000151
 0.01592
 0.0009297
 0.001479
 0.005159
 0.03401
 0.002743
 0.02703
 0.04997
 0.001141
 0.002189
 0.004966
 0.00509
 0.01279
 0.004096
 0.02553
 0.01751
 0.02275
 0.04609
 0.01403
 0.006124
 0.002499
 0.01149
 0.01652
 0.01825
 0.005067
 0.01244
 0.03873
 0.002039
 0.04751
 0.01109
 0.005034
 0.007136
 0.003524
 0.006503
 0.01748
 0.003478
 0.007596
 0.0001827
 0.002782
 0.03886
 0.004451
 0.0008406
 0.04116
 0.04645
 0.05296
 0.002775
 0.007978
 0.007681
 0.003894
 0.02123
 0.005569
  0.0138
 0.004995
 0.01007
 0.01782
 0.01816
 0.0002858
 0.03094
 0.0005638
 0.003556
 0.0003023
 0.02524
 0.005237
 0.01271
 0.01464
 0.002824
 0.04409
 0.01835
 0.05417
  0.0061
 0.001311
  0.0136
 0.001796
  0.0218
 0.00914
 0.02727
 0.0002591
  0.0131
 0.01141
 0.003426
 0.01687
 0.001634
 0.01283
 0.003556
 0.002072
 0.008471
 0.01772
 0.01687
 0.01275
 0.06422
 0.03581
 0.004796
 0.007035
 0.001586
 0.00371
 0.001899
 0.002781
 0.01223
 0.01621
 0.005637
 0.03623
 0.002553
 0.006733
 0.01057
 0.03932
 0.00524
 0.01458
 0.009351
 0.07591
 0.01056
 0.04684
 0.01508
 0.007569
 0.0004508
 0.00293
 0.01814
 0.05538
 0.007509
 0.008747
 0.002482
 0.003691
 0.04193
 0.00566
 0.02811
 0.005249
 0.008138
 0.02765
 0.01233
 0.002166
 0.01151
 0.01389
 0.01252
 0.01005
 0.01094
 0.02271
 0.003084
 0.05692
 0.01698
 0.003571
 0.006811
 0.003007
 0.05253
 0.009547
 0.003634
 0.01693
 0.01265
 0.03535
  0.0137
 0.001615
 0.007854
 0.01931
 0.01671
 0.004194
 0.02139
 0.0005452
 0.009261
 0.001021
 0.02369
  0.0422
 0.008154
 0.02418
 0.002206
 0.01232
 0.06706
  0.0615
 0.008793
 0.001896
 0.002806
 0.01199
 0.04226
 0.000159
 0.001111
 0.02961
 0.0001538
 0.02863
 0.009965
 0.02377
 0.02064
 0.01157
 0.008577
 0.02365
 0.01052
 0.005755
 0.02123
 0.03964
 0.009743
 0.02957
 0.01563
 0.05297
 0.00448
 0.005338
 0.003902
 0.008819
 0.007628
 0.005564
 0.001924
 0.01741
 0.05049
 0.002699
 0.06744
 0.03775
 0.001895
 0.02442
 0.001894
 0.005609
 0.01622
 0.03213
 0.05206
 0.0004782
 0.01366
 0.02871
 0.02044
 0.005888
 0.01877
 0.0001024
 0.04247
 0.01219
 0.001977
 0.01247
 0.04114
 0.005139
 0.02803
 0.01804
 0.01114
 0.006441
 0.006375
 0.01521
 0.01012
 0.03057
 0.001895
 0.01796
 0.002882
 0.006976
 0.004205
 0.006796
 0.0005219
 0.02553
   0.043
 0.006349
