  0.2475
 0.01151
  0.4946
  0.1131
   0.154
 0.05448
  0.1174
 0.06855
 0.05885
  0.2777
   0.232
  0.1916
 0.07271
 0.03957
  0.1078
 0.04014
 0.03818
 0.05506
  0.1745
  0.2815
 0.02285
  0.2325
 0.09543
 0.08335
 0.07699
  0.2565
 0.04881
  0.0519
 0.06287
  0.1115
  0.2651
  0.2198
 0.06842
  0.1348
 0.04359
  0.2337
 0.009906
  0.2615
  0.0156
 0.08073
 0.03488
  0.1745
 0.07959
 0.08313
  0.3572
  0.3686
  0.2856
  0.3048
  0.1341
 0.002356
  0.1614
  0.1439
 0.02152
  0.2876
  0.2442
  0.5527
  0.2577
 0.04831
 0.0001787
 0.02356
  0.1164
  0.1242
  0.1995
  0.3479
  0.2083
 0.01557
 0.09409
 0.01553
   0.127
  0.2493
  0.1123
 0.03424
  0.2919
  0.3228
 0.05032
  0.4047
 0.04051
 0.03234
  0.0262
   0.202
  0.0325
  0.3969
  0.1791
 0.08906
 0.02107
 0.02458
   0.167
  0.2055
 0.07769
 0.06103
 0.01492
   0.239
 0.08784
  0.5687
 0.04496
  0.2255
  0.2068
 0.01292
  0.3414
 0.09108
 0.000985
  0.2341
 0.02562
  0.2019
 0.01194
   0.458
  0.1689
 0.04488
 0.02612
  0.1339
  0.1818
  0.3318
  0.2295
  0.1366
 0.01491
 0.06815
  0.3624
 0.03365
 0.06811
  0.2481
  0.4287
  0.1133
  0.2855
 0.05442
  0.2645
 0.04592
  0.1617
 0.08817
 0.02396
 0.01371
  0.2465
  0.4061
 0.01535
 0.05338
 0.04005
 0.01402
   0.141
  0.0798
  0.3258
 0.08745
 0.08795
  0.1595
  0.2321
 0.06116
 0.02797
  0.1242
 0.01697
 0.07596
 0.04544
   0.115
 0.02663
 0.03084
 0.03348
 0.07721
  0.1234
  0.1704
 0.09614
  0.7024
 0.04232
  0.4121
  0.1804
  0.1498
  0.1003
  0.1126
  0.1521
  0.2969
 0.009798
 0.04204
 0.04951
  0.2552
 0.03036
    0.11
  0.3378
  0.3732
   0.171
  0.0194
 0.01828
  0.0648
 0.005007
  0.1289
  0.5158
  0.1812
 0.06005
  0.3357
  0.5374
 0.09594
  0.1055
  0.5821
 0.02851
  0.1566
 0.04847
 0.04609
 0.03815
 0.04936
 0.03867
 0.05368
 0.08495
 0.003794
  0.3455
 0.04539
  0.2791
  0.1739
  0.2765
  0.1105
 0.04837
  0.3315
  0.1655
 0.04483
 0.07478
 0.09861
 0.02283
  0.4466
  0.2326
 0.03892
  0.0283
  0.6151
 0.005091
 0.04964
  0.5391
 0.03318
  0.1708
  0.2497
 0.007753
 0.09526
 0.09543
  0.1142
  0.0512
  0.0463
 0.04343
 0.05035
 0.008791
 0.02775
  0.0158
  0.1219
 0.02688
 0.09714
 0.06936
 0.01978
 0.007092
  0.2347
   0.246
   0.103
  0.1886
  0.1076
  0.1128
  0.1473
  0.4633
   0.091
 0.02574
 0.06419
 0.03628
 0.07314
  0.2458
 0.0005231
  0.2556
  0.1338
 0.04247
  0.4437
  0.5452
    0.09
  0.3007
 0.03525
  0.2255
    1.02
  0.2398
  0.5197
 0.07792
 0.08107
  0.5551
  0.0216
 0.009834
    0.21
 0.02198
   0.405
  0.0106
 0.06045
  0.5666
 0.08922
  0.4924
 0.07054
 0.02283
 0.03654
  0.1125
  0.1289
 0.05776
  0.1874
  0.3429
  0.1589
  0.0562
 0.005574
  0.1137
  0.3541
 0.01152
 0.05557
 0.07164
  0.2109
  0.2072
 0.08138
  0.3071
 0.07031
  0.2739
 0.08967
 0.003105
 0.03024
 0.02369
 0.05355
 0.08402
 0.08145
  0.3154
 0.03796
 0.09412
  0.2121
  0.2067
 0.07682
 0.03564
  0.2448
 0.001931
  0.1104
  0.1183
  0.1756
 0.09146
 0.05735
 0.04984
  0.1517
  0.1465
  0.0214
 0.02202
  0.1062
  0.1939
 0.09536
  0.2637
 0.07099
  0.2206
  0.1452
 0.03092
 0.01509
  0.1432
 0.02472
 0.02048
  0.2524
 0.007985
  0.0937
  0.2199
  0.1515
  0.2278
 0.08908
  0.1087
 0.01634
  0.1479
  0.4508
 0.01127
  0.1969
 0.09373
 0.06458
 0.09811
  0.1784
 0.06184
 0.03196
 0.05518
 0.04888
  0.1065
  0.1555
  0.1231
 0.09151
  0.1177
 0.02964
  0.2883
  0.1077
  0.0648
 0.00164
  0.0777
  0.1173
 0.04208
  0.1918
 0.02456
 0.00909
 0.003771
  0.3305
  0.2049
 0.09631
 0.001155
  0.1047
  0.1863
  0.2482
 0.02012
  0.1577
 0.08201
  0.0189
  0.6361
 0.005475
 0.03336
 0.01478
  0.3233
 0.09732
 0.06618
  0.1559
  0.4537
   0.148
 0.05515
  0.1019
 0.01971
 0.07331
  0.1252
  0.1535
 0.04568
  0.1103
  0.3046
 0.004139
 0.03789
 0.04271
 0.03002
  0.8983
  0.3082
  0.2014
  0.2317
  0.4863
 0.03274
   0.214
 0.07194
   0.357
 0.05801
 0.02865
 0.01311
  0.5691
  0.1439
  0.1021
 0.09997
  0.7992
  0.2033
  0.1118
  0.2577
 0.01082
  0.1753
   0.281
  0.3402
 0.02419
  0.3169
 0.07536
 0.03867
  0.1259
 0.03171
 0.009959
  0.0146
  0.1552
 0.008071
 0.03145
  0.1236
 0.03323
 0.09418
 0.03527
  0.1519
 0.01928
  0.0264
 0.02561
  0.0392
  0.5025
  0.1059
 0.04008
 0.04231
 0.09921
  0.1951
 0.07575
  0.1689
   0.041
   0.303
  0.3587
  0.1593
 0.01239
   0.314
  0.3098
  0.1008
  0.2064
  0.1747
  0.2799
  0.2074
  0.1033
 0.05118
 0.06739
 0.05917
  0.1231
   0.196
  0.1069
 0.09764
  0.2165
 0.04586
  0.1037
  0.4179
 0.01447
 0.06003
 0.03677
  0.3457
 0.03341
  0.1704
   0.218
 0.02766
 0.01051
 0.08019
 0.01645
  0.0247
 0.09116
 0.007061
 0.09804
  0.5018
  0.1293
   0.109
 0.02572
  0.0926
   0.126
 0.07394
  0.2469
 0.06474
 0.01636
  0.2144
  0.0376
 0.03157
   0.346
 0.08095
  0.2091
 0.09564
 0.07078
  0.2971
  0.6432
  0.1974
  0.0234
 0.07202
 0.02961
  0.1187
  0.1201
 0.02099
   0.464
  0.1495
 0.06218
 0.02326
  0.2123
   0.344
 0.01677
 0.08928
  0.1036
  0.1024
  0.3404
 0.02239
 0.01007
  0.3924
  0.2536
 0.06284
  0.2853
 0.006626
  0.1142
 0.07879
 0.08627
 0.02259
  0.3086
  0.3296
 0.009114
 0.00745
 0.06369
  0.1397
 0.02433
 0.02144
  0.2121
   0.218
 0.001043
 0.07861
  0.2026
  0.5344
 0.04085
  0.1334
 0.05963
 0.04692
 0.08369
 0.02343
  0.1022
 0.05206
  0.1476
 0.05826
  0.2137
 0.04383
  0.4478
 0.05458
  0.1865
 0.004339
 0.01525
  0.0323
  0.1343
 0.03201
   0.538
 0.01478
  0.2866
 0.02524
 0.03588
  0.0288
  0.1804
 0.02298
  0.2153
   0.206
  0.1808
  0.0525
 0.08604
  0.0599
 0.05471
  0.2042
 0.09306
  0.1614
  0.0796
  0.1568
  0.0122
  0.2642
  0.5308
 0.04757
 0.005728
 0.05018
 0.09295
 0.004614
  0.0399
  0.3961
  0.1296
  0.1163
 0.04405
 0.02704
  0.1719
  0.2237
   0.352
  0.5283
 0.08046
 0.002292
   0.234
  0.4303
 0.04383
  0.3706
  0.3544
 0.07242
  0.0108
  0.1663
 0.02374
   0.066
  0.1662
 0.001296
  0.3481
  0.1927
 0.08825
 0.03085
  0.1475
  0.0435
  0.2527
 0.03381
 0.07582
  0.1432
  0.2988
  0.1984
 0.08762
  0.1156
  0.3205
 0.04947
  0.2077
  0.2288
  0.4151
 0.02591
  0.1384
 0.04426
 0.07983
  0.1348
  0.0269
 0.007896
  0.1445
  0.2645
  0.8728
  0.1024
 0.05575
 0.01742
  0.1573
 0.05291
 0.04356
  0.2153
  0.0513
 0.09838
  0.2402
 0.06113
 0.02105
  0.1206
 0.09378
  0.1181
 0.01308
  0.1067
 0.09314
 0.08488
 0.05248
  0.3875
  0.0494
 0.06821
  0.2004
  0.6828
 0.03935
 0.02244
  0.1978
  0.1281
 0.005858
 0.001045
  0.1122
 0.06901
 0.06497
  0.2068
  0.3002
   0.254
 0.07605
  0.2427
  0.1121
 0.04756
 0.08874
 0.03643
  0.4293
 0.004347
 0.08332
  0.2128
  0.1644
 0.06554
 0.09515
 0.005563
 0.01032
  0.1549
  0.0999
 0.08246
  0.1911
 0.07479
  0.1889
 0.05303
 0.02858
 0.04971
 0.05414
  0.4672
 0.05573
 0.04413
  0.2668
  0.1927
  0.0111
  0.1261
  0.4069
 0.01371
  0.3311
  0.3289
  0.2351
  0.1393
 0.06908
 0.04972
  0.2227
 0.02618
  0.2152
 0.06411
  0.4198
   0.266
  0.1254
 0.04391
   0.134
 0.01888
 0.01541
  0.2268
  0.3962
  0.3107
   0.905
 0.08292
 0.09715
 0.09575
  0.2872
 0.08301
  0.2262
  0.2474
  0.2228
  0.2776
  0.3051
 0.06896
  0.3379
  0.1418
  0.3012
 0.05572
  0.4879
  0.1472
  0.1159
  0.1056
  0.3327
  0.2217
  0.3187
  0.1493
 0.06886
 0.003316
  0.1461
 0.03487
 0.06817
 0.08204
  0.3079
  0.1522
  0.1879
 0.05358
  0.1328
 0.06548
  0.1741
 0.02997
 0.04004
  0.2254
  0.1153
   0.367
 0.04367
 0.09137
 0.01328
  0.1997
   0.176
 0.01606
 0.03787
 0.06356
  0.2108
  0.1387
  0.1266
   0.378
 0.06245
 0.03751
  0.7698
 0.03516
  0.1419
 0.09852
 0.01511
  0.1355
  0.1325
 0.07259
   0.348
 0.03053
  0.1639
 0.06855
 0.06583
  0.2248
 0.03653
 0.08115
  0.3268
 0.009983
 0.01793
  0.0218
  0.5644
  0.1145
 0.05662
  0.2005
  0.1777
  0.1833
 0.09009
 0.04011
 0.06491
 0.00966
  0.0644
 0.06678
  0.4414
 0.02014
  0.1336
   0.198
  0.2273
  0.1325
  0.0199
  0.3242
 0.01072
 0.06386
  0.2016
 0.05301
 0.07106
  0.1085
  0.2098
   0.106
  0.0626
  0.1207
 0.09254
 0.02684
 0.01719
 0.05229
   0.208
 0.007049
  0.3911
 0.002245
  0.1611
 0.02736
  0.2074
 0.09299
  0.4284
  0.2779
  0.2235
 0.006467
  0.1327
  0.1998
  0.9214
  0.1687
 0.09669
  0.3828
  0.1937
 0.01478
  0.2782
  0.3916
 0.05169
  0.1669
  0.3408
  0.2672
 0.08646
  0.1785
 0.06627
 0.06002
 0.002571
 0.05079
 0.008618
  0.2094
 0.08144
  0.1045
 0.07985
  0.0303
 0.05538
 0.08527
 0.02274
 0.08886
 0.005203
 0.03876
  0.1516
 0.04869
 0.03883
 0.02492
  0.1824
 0.04771
 0.08633
  0.1659
 0.002543
 0.005667
  0.1442
  0.1124
  0.1591
 0.02856
  0.1857
  0.2147
  0.2551
 0.08232
 0.03649
  0.2379
 0.03796
  0.1713
  0.1929
  0.1029
  0.2007
 0.01136
  0.1182
 0.04297
  0.6011
  0.5154
 0.03559
  0.7071
  0.2197
 0.02127
 0.006781
 0.04824
  0.2703
  0.1899
  0.1911
 0.07488
 0.04459
 0.07332
  0.3592
 0.06829
 0.01375
 0.05317
   0.175
 0.00645
  0.3172
 0.03872
 0.04443
 0.01868
 0.05564
  0.1373
 0.06951
 0.04711
  0.1659
  0.1351
 0.00306
  0.0302
  0.0977
  0.0262
  0.2986
  0.1278
 0.004362
 0.01237
  0.4419
  0.0624
  0.3399
 0.009936
 0.01914
  0.1117
   0.146
  0.2331
  0.1652
 0.09246
 0.03185
 0.002295
  0.3643
  0.2261
  0.1239
  0.1056
  0.1605
  0.1036
  0.0632
 0.05245
  0.3279
 0.01545
 0.04231
  0.1232
