   2.298
   3.339
    2.48
   3.978
   1.447
   3.762
   2.457
   1.962
   2.759
   3.473
   2.169
   1.564
   1.608
   3.835
   2.115
   3.906
   2.822
   2.307
   2.403
   3.107
    2.49
   2.748
   2.559
   2.599
    2.78
   1.737
   1.342
   1.435
   2.745
   1.881
   2.556
   1.605
   1.142
    1.13
   2.863
   3.344
   2.241
   3.085
   3.593
   3.451
   3.637
   3.319
   1.562
   2.596
   2.067
   2.679
   3.876
   3.636
   2.214
   2.608
   3.753
   3.926
    1.53
    3.45
   1.329
   2.629
   2.039
   2.769
   3.472
   2.034
   1.156
   2.655
   2.595
   2.864
   3.497
   2.042
    3.47
   2.591
    2.69
   1.019
   2.036
   2.747
   2.192
   2.138
   3.218
   1.237
   3.095
   2.735
   2.733
   2.651
   3.946
   2.234
   1.906
   1.579
   3.554
   3.466
   1.484
   1.919
   3.802
   1.977
   1.444
   3.193
   3.466
   2.344
   3.808
   1.861
    1.02
   1.483
   3.458
   1.627
   3.452
   1.968
   2.942
   2.757
   2.078
   1.337
   3.294
   3.392
    2.35
   2.408
   3.841
   3.856
   2.674
   2.591
   2.018
   1.973
   3.218
   1.201
    2.18
   3.376
   2.726
   3.769
   3.414
   1.821
   1.331
   2.354
   2.351
   1.501
   3.367
   3.859
   1.983
   3.356
   2.183
   1.341
   2.467
   3.387
   3.952
   2.322
   3.946
   2.968
   3.488
   3.106
   3.358
   1.158
   2.055
   2.087
   3.245
   2.014
   1.179
   1.062
   2.573
   3.905
   2.465
   3.549
   2.537
   3.822
   1.406
   1.091
    3.38
   1.691
   2.194
   1.575
   1.201
   1.686
   2.538
   3.542
   2.767
   1.544
   2.471
     3.5
   1.331
   2.871
   1.165
   3.234
   3.439
   3.462
   2.743
   2.125
   1.744
    1.61
   1.093
   1.456
   1.819
   3.415
   3.677
   2.725
   3.972
   3.103
   1.348
   2.962
   3.052
   2.336
   1.158
   2.038
   3.268
   2.523
   2.175
   3.979
   2.999
   3.132
   1.291
   3.275
   3.604
   3.007
   2.037
     1.2
    3.24
   1.676
   2.397
   1.114
   2.669
   3.665
   3.616
   3.787
   2.075
    1.81
   1.018
   2.702
   3.873
   2.571
   1.814
   3.373
   3.522
   3.344
   3.915
   3.655
   1.342
   2.773
   1.749
   1.057
   2.318
    2.06
   1.067
   3.056
   3.922
   3.283
    3.76
   1.408
   1.918
   1.705
   1.671
    3.46
   2.179
   2.086
   3.405
   3.463
   2.497
   1.996
   1.144
   1.888
   1.397
   2.132
   3.459
    3.73
   3.948
   1.621
   2.121
    1.83
   3.577
   2.342
   1.917
   2.183
   2.882
   1.233
   2.457
   1.248
   1.441
   3.605
   3.991
   2.265
    1.63
   3.455
   1.223
   1.567
   2.429
   2.779
   1.116
    1.89
   2.241
   3.881
   1.711
   1.687
     1.7
   1.691
    3.94
   2.439
   3.484
   3.072
   2.433
   3.972
   3.131
   1.136
   3.334
   2.762
   3.845
   3.556
   3.116
   2.256
   1.317
   3.878
   3.386
   2.178
    1.53
   3.834
   1.708
   2.844
   2.575
   2.651
   3.404
   3.475
   3.464
   1.371
   3.376
   3.507
   3.938
   1.155
   3.913
   3.908
   1.288
   1.604
   2.506
   2.485
   2.159
   2.062
   3.658
   1.202
   1.366
   2.938
     3.7
   1.489
   2.707
    1.01
   2.602
   2.553
   3.777
   2.746
   3.783
   2.696
   1.774
   1.608
   1.927
   3.622
   2.321
   3.371
   3.795
   2.753
   1.269
   3.431
   1.034
   3.541
   2.516
   3.123
   2.996
   1.777
   2.817
   2.026
   3.544
   1.909
   3.599
   2.283
   1.867
   3.351
   1.767
   3.907
   2.293
   1.796
   1.525
   3.098
   2.103
   2.529
   2.182
   2.556
    3.34
   3.739
   3.969
   3.787
   3.623
   3.833
   1.847
   2.425
    1.96
   2.745
   3.323
   1.536
   1.561
   3.253
   1.263
   3.935
   3.648
   3.288
   3.701
   1.498
   1.271
   3.249
   3.653
   3.474
   3.118
   1.313
   2.931
   1.798
   3.326
    3.75
   2.955
   2.401
     2.3
   2.232
   1.564
   2.527
   3.518
   2.151
   1.829
   1.042
   1.347
   2.927
   2.867
   2.748
   1.856
    2.32
   2.652
   1.693
   1.628
   3.746
   3.828
   3.489
    2.57
    2.59
   1.521
   2.618
   2.731
   2.511
   1.151
    1.75
   2.108
   1.764
   3.249
    1.05
   2.463
   3.507
   3.262
   2.497
   1.135
   2.115
   3.372
    2.19
   2.851
   2.492
   3.303
   3.666
   1.538
   3.383
   3.141
   1.209
   1.139
    1.69
   3.137
   2.163
    3.42
   2.778
   3.527
   1.246
   1.789
   3.795
   1.343
   2.861
   2.104
   3.979
   2.221
   1.409
   1.486
   2.971
    2.22
   3.601
   3.132
   2.131
   2.631
   2.774
   1.128
   2.847
   3.788
   1.196
   1.263
    1.85
   1.885
   2.387
   2.837
   1.525
   3.783
   3.425
   1.477
   2.222
   2.828
   2.263
   3.949
   3.573
    2.66
   2.037
   3.971
   2.799
   2.027
   3.383
   3.023
   2.029
   3.595
   2.748
   1.163
   3.604
   1.763
   2.701
   2.835
   2.398
   3.478
   1.245
   1.687
   2.127
   1.041
   2.135
   1.378
   1.658
   1.924
   1.183
   3.397
   2.327
   1.581
   2.576
   3.867
    3.25
   1.261
   2.185
   2.366
   2.633
   1.823
    3.88
   1.733
   2.087
   3.541
   2.843
   1.885
   1.942
   2.925
   1.876
   2.627
   2.552
   1.529
   3.719
   3.466
   2.619
   2.766
   3.358
    3.42
   3.494
   2.715
   1.342
   3.836
   1.499
   1.941
   2.091
   2.198
   1.232
   2.302
   3.211
   3.944
   1.885
   3.765
   2.806
   1.271
   1.553
   1.215
   3.792
   2.955
   1.549
   2.272
   3.207
   1.162
   1.715
   3.098
   2.523
   1.256
   1.733
   3.215
   2.963
   3.617
   2.441
   2.312
   3.808
   3.451
   1.144
   3.064
   3.714
     2.6
   1.926
   1.938
    2.02
   3.361
   1.962
    1.01
   3.067
   2.292
   1.833
   1.774
   2.502
   2.029
   3.834
   1.961
   3.599
   2.095
   1.292
    1.34
   3.565
   1.715
   3.875
   1.544
   3.856
   2.627
   2.904
   2.872
   2.488
   2.898
    2.67
   1.107
   1.351
   2.728
   3.738
   2.325
    1.52
   1.275
   1.271
   1.713
   1.568
   2.455
   1.332
   1.375
   1.879
   2.763
   1.202
   1.147
   2.959
   3.082
   2.691
   1.413
    3.75
   2.498
   1.452
   2.911
   2.943
   1.106
   3.291
   3.551
   3.288
   2.832
   1.481
   1.226
    3.91
   3.239
   2.075
   2.621
   1.617
    1.34
   1.217
   2.032
   1.217
   2.414
   1.457
   2.172
   1.829
   2.813
   1.058
   1.988
   1.192
   1.781
   1.317
   2.471
   2.985
   1.261
   1.869
   3.471
    3.13
    2.71
   2.006
   3.506
   3.114
   3.912
   1.984
   2.577
   2.295
   1.789
   1.342
   1.981
   2.216
   1.215
   3.207
   1.122
    1.92
   2.826
   3.613
   3.323
   2.258
   2.836
    1.81
   3.639
   1.206
   1.846
   1.576
   3.672
   1.175
    1.66
   3.533
    2.38
   1.325
   2.094
   3.456
   1.892
   1.873
   3.792
   2.586
   1.317
   2.414
   2.034
   2.946
   2.562
   3.225
   1.554
   2.647
    1.14
   3.582
   1.347
   3.209
   3.983
   3.073
   3.487
   1.864
   2.257
   2.906
   3.935
   1.876
   1.172
   1.228
   1.353
   1.851
   1.795
   3.432
   2.916
   3.048
   3.865
   2.471
   3.129
   1.693
   2.602
   1.172
    1.63
   2.293
    3.52
   1.549
   3.014
   3.944
   1.241
   3.111
   1.634
   1.649
   3.309
    1.18
   2.424
   2.625
   2.997
   3.199
   2.703
   3.622
   3.126
    3.05
   3.994
   1.228
   3.872
   3.358
   2.832
   2.187
   2.583
   1.813
   2.579
   3.711
   2.588
   1.476
   1.235
   3.789
    1.01
   3.094
   3.251
   2.503
   3.583
   3.412
   1.343
   3.339
   3.457
   2.484
   3.301
   2.501
   2.017
   1.991
   1.807
    2.22
   2.692
   3.546
   1.241
    3.07
   1.768
    1.01
   2.498
   2.281
   3.201
   2.807
   2.798
   1.046
   3.431
   3.232
   1.503
   2.841
    3.19
   1.767
   2.921
   2.731
   1.321
   1.391
   1.129
   3.687
   3.584
   3.894
   3.777
   2.897
   1.473
   2.188
   1.903
   2.077
   2.025
   2.622
   2.749
   2.785
   3.638
   2.293
   2.569
   1.734
   1.876
   2.358
   1.444
   1.104
   1.287
   3.347
   3.091
   3.854
   3.216
   3.474
   2.682
   3.034
   2.612
   2.955
    1.65
   1.098
   2.845
   2.314
   1.506
    2.22
    3.52
   3.696
   3.648
   1.598
   3.282
   3.187
   3.176
   1.778
   2.638
   1.115
   3.703
   1.955
   3.763
   3.373
   2.171
   2.293
   1.314
   1.725
   3.656
   2.236
   3.243
   2.122
   3.188
   1.818
   3.611
   2.011
   3.561
   2.979
   3.398
    3.65
   3.145
   1.875
   1.315
   3.422
   1.697
   2.191
   2.619
   2.144
   3.176
   1.455
   3.926
   3.381
   3.556
   1.347
   2.019
   2.758
   2.636
   3.017
   2.666
   1.275
   3.853
   2.391
   2.429
   3.616
   2.097
    3.49
   3.476
   1.463
    1.52
   1.736
   1.397
    1.81
    3.35
    3.27
   3.014
   1.272
   2.707
   2.262
   2.192
   2.401
   3.407
   3.223
   3.657
   2.997
   2.784
   1.319
   1.801
   3.419
   3.495
   1.684
   1.501
   1.902
   1.339
   2.728
   2.929
   1.863
   3.064
   3.455
   1.362
    1.22
   2.181
   1.774
       2
   2.699
   2.778
    1.81
   1.773
   3.152
   1.333
   3.216
   1.158
   3.864
   1.524
   2.488
   3.987
    2.87
   2.042
   3.277
   2.264
   2.263
   2.406
   2.699
   2.974
   3.512
   2.771
   1.651
   3.899
   2.769
   3.745
   3.121
   2.426
   1.186
   3.201
   1.502
   1.362
   3.224
   2.085
   1.902
   2.749
   2.969
   1.234
    3.46
   1.672
    3.44
   1.184
   3.656
   1.073
   2.906
   1.988
   2.625
   2.565
   2.196
   3.023
