 0.01517
 0.001304
 0.01139
 0.02364
 0.003659
 0.009766
 0.01327
 0.009953
 0.03105
 0.005562
 0.002298
 0.004943
 0.003349
 0.0009406
 0.03126
  0.0182
 0.01124
 0.007421
 0.02846
 0.02493
 0.005197
 0.004518
 0.003855
 0.007204
 0.01524
 0.01573
 0.006939
 0.02309
 0.00086
 0.02462
 0.002098
 0.006059
   0.016
 0.005959
 0.008197
 0.0004531
 0.005641
 0.001591
 0.0009165
  0.0174
 0.01667
 0.008041
 0.02518
 0.006841
 0.05404
 0.003729
 0.01042
 0.001088
 0.007095
 0.03564
 0.007243
 0.009251
 0.000914
 0.006049
 0.006845
   0.002
 0.001528
 0.007343
 0.003397
 0.001449
 0.007347
 0.00669
 0.005958
 0.002442
 0.01048
 0.01268
 0.004419
 0.002966
 0.01106
 0.001709
 0.00485
 0.01417
 0.005528
 0.04465
 0.02118
 0.004936
 0.008358
 0.001031
 0.003185
 0.01057
 0.008324
 0.01172
 0.001233
 0.003868
 0.01705
 0.01474
 0.002045
 0.001138
 0.01235
 0.01894
 0.006566
 0.002211
 0.01008
 0.005254
 0.003489
 0.01435
 0.0008337
 0.006396
 0.004616
 0.007692
 0.01583
 0.001758
 0.01841
 0.005922
 0.009174
 0.00424
 0.004515
 0.001021
 0.01198
 0.0002078
 0.001656
 0.005827
 0.009743
 0.001244
 0.0008768
 0.001288
 0.003652
 0.01846
 0.01307
 0.004048
 0.002002
 0.003838
 0.003936
 0.0009778
 0.002385
 0.002412
 0.0001716
 0.000498
 0.02825
 0.002727
 0.02031
 0.02261
 0.009254
 0.01243
 0.01434
 0.02551
 0.0008458
 0.0007039
 0.01085
 0.01236
 0.002011
 0.01025
 0.008994
 0.007756
 0.006126
 0.02054
 0.01237
 0.0004723
 0.004653
 0.002184
 0.004278
 0.01927
 0.005364
 0.006338
 0.001169
 0.02187
 0.0005963
 0.006338
 0.02926
 0.002132
 0.03232
 0.008807
 0.001292
 0.00515
  0.0197
 0.003366
 0.005371
 0.002614
 0.01325
  0.0148
 7.636e-005
 0.001825
 0.01912
 0.005324
 0.01714
 0.02977
 0.01951
 0.005669
 0.002233
 0.001434
 0.01553
 0.005068
 0.004425
 0.01272
 0.001342
 0.01681
 0.001538
 0.008731
 0.03404
 0.01107
 0.003881
 0.001869
 0.02851
 0.03757
 0.006168
 0.0004547
 0.004524
 0.006344
 0.0007647
 0.005208
 0.002829
 0.02376
 0.01555
 0.008846
 0.005922
 0.02354
 0.001327
 0.01416
 0.009505
 0.004083
 0.02358
  0.0053
 0.003895
 0.02678
 4.376e-005
 0.02722
 0.001583
  0.0217
 0.01223
 0.00206
 0.01261
 0.00421
 0.005587
 0.0001743
  0.0112
 0.07377
 0.0009112
 0.02559
 0.02178
 0.01451
 0.0005856
 0.006181
 0.00626
 0.0003165
 0.001901
 0.02601
 0.01419
 0.01103
 0.01837
 0.02645
 0.006642
 0.001145
 0.0006131
 0.02117
 0.01531
 0.00458
 0.01067
 0.008751
 0.002801
 0.002494
 5.027e-005
 0.01581
 0.000187
 0.000217
 0.007943
 0.01692
 0.02242
 0.002143
 0.004604
 0.05252
 0.002305
 0.01245
 0.01069
 0.005638
 0.001206
 0.01329
 0.007479
 0.003079
 0.008315
 0.00202
 0.001997
 0.008105
 0.002957
 0.003919
 0.04233
 0.009235
 0.02504
 0.002254
 0.006859
 0.01052
 0.002031
 0.004569
 0.005823
 0.004818
 0.01478
 0.003459
 0.02875
 0.007556
 0.005596
 0.0003763
 0.007593
 0.004546
 0.001152
 0.01796
 0.0006621
 0.004271
 0.0001894
 0.006284
 0.0004798
 0.01003
  0.0105
 0.0001912
 0.006712
 0.009824
 0.01349
 0.006464
 0.03053
 0.008933
 0.00801
 0.04181
 0.01852
 0.001763
 0.01509
  0.0179
 0.002087
 0.04234
 0.01096
  0.0101
 0.02732
 0.002206
 8.305e-005
 0.001152
 0.01952
  0.0407
 0.005155
 0.01139
 0.01132
 0.002781
 0.03409
 0.01576
 0.001003
 0.09415
 0.01567
  0.0137
  0.0372
 0.001771
 0.01148
 0.000732
 0.002628
 0.02081
 0.005482
 0.003145
  0.0337
 0.00214
  0.0148
 0.001472
 0.009293
 0.01203
 0.007049
 0.008619
 0.01593
 0.02249
 0.007118
 0.02598
  0.0106
 0.02965
 0.01743
 0.01439
 0.01174
 0.001622
 0.01319
 0.002608
 0.02628
 0.007178
 0.01503
 0.01691
 0.04035
 0.002824
 0.02019
 0.01288
 0.000971
 0.007161
 0.00399
 0.008301
 0.001941
 0.01452
 0.02921
 0.01986
 0.02385
 0.006495
 0.0005363
  0.0109
 0.01541
 0.009939
 0.009743
  0.0456
 0.001719
 0.003043
 0.001698
 0.009814
 0.005256
 0.001087
 0.0003376
 0.004167
 0.01703
 0.0007882
 0.00479
 0.01599
 0.01585
 0.02126
 0.0007494
 0.02113
 0.01978
 0.007095
 0.0003795
 0.004782
 0.01404
 0.02075
 0.00113
 0.006909
 0.005605
 0.004775
 0.001592
 0.005412
 0.001966
 0.005368
 0.001434
 0.02206
 0.01286
 0.02991
 0.002445
  0.0156
 0.001104
 0.001476
 0.01439
 0.01023
 6.897e-005
 0.01767
 0.004991
 0.002284
 0.01048
 0.0007606
 0.001218
 0.0009881
 0.01499
 0.02254
 0.004946
 0.003134
 0.02683
 0.008878
 0.0002757
 0.008752
 0.005488
 0.005895
 0.007983
 0.004804
 0.003552
 0.003545
  0.0217
 0.0009325
 0.008405
 0.0004607
 0.01503
 0.01587
 0.0009614
 0.003355
 0.009523
 0.01043
  0.0205
 0.01333
 0.009063
 0.009527
 0.01818
 0.02444
 0.01476
  0.0275
 0.001097
 0.01313
 0.0008107
 0.01512
 0.0002005
 0.02341
 0.007447
 0.01047
 0.001757
 0.01205
 0.03989
 0.0006336
 0.005119
 0.003829
 0.009686
 0.001951
 0.03565
 0.009893
 0.009077
 0.001649
 0.01081
 0.008475
 0.004908
 0.02232
 0.009689
 0.01819
 0.01417
 0.007065
 0.01084
 0.004934
 0.01521
 0.02344
 0.002016
 0.04558
 0.03116
 0.005281
 0.004204
 0.02168
 0.003629
 0.002361
 0.03184
 0.001601
 0.003723
 0.0002881
 0.01453
 0.007044
 0.0008851
 0.01125
 0.003162
 0.01072
 0.006199
  0.0059
 4.049e-005
 0.04318
 0.02108
 0.02578
 0.00783
 0.001785
 0.01107
 0.005656
 0.004758
 0.007788
 0.02741
 0.007779
 0.003066
 0.01586
 0.01542
  0.0126
 0.00108
 0.008172
 0.002091
 0.01871
 0.0007439
 0.02128
 0.003006
 0.01741
 0.01126
 0.02042
 0.001369
 0.0005311
 0.01263
 0.001924
 0.001574
 0.001449
 0.00757
 0.01071
  0.0201
 0.00317
 0.02503
 0.01554
 0.0008418
 0.02478
 0.003345
 0.004924
 0.0002701
 0.00435
 0.01018
 0.0007646
 0.003783
 0.002189
 0.01082
  0.0257
 0.03279
 0.0002089
  0.0172
 0.02141
 0.01037
  0.0247
 0.005181
 0.00633
 0.007322
 0.02681
 0.008562
 0.002981
 0.006577
 0.01741
 0.00543
 0.007528
 0.001166
 0.006353
 0.0003452
 0.01189
 0.01901
 0.007272
 0.01128
 0.03365
 0.02094
 0.02254
  0.0083
 0.02856
 0.004458
 0.005757
 0.002424
 0.0003221
 0.005449
 0.004362
 0.005661
 0.002075
 0.002214
 0.02126
 0.002725
 0.003702
 0.03728
 0.01611
 0.001229
  0.0238
 0.001957
 0.03558
 0.03565
 0.01096
 0.005946
 1.044e-005
 0.00233
 0.02466
 0.01194
 0.01324
 0.01616
 0.00416
 0.002174
 0.01226
 0.003973
 0.005085
 0.01192
 0.02478
 0.001025
 0.02953
 0.003597
 0.003541
 0.002201
 0.01952
 0.01464
 0.002586
 0.006637
 0.005979
 0.004538
 0.001749
 0.01179
 0.001593
 0.0005994
 0.001816
 0.007452
 0.0006787
 0.009335
 0.006925
 0.01183
 0.007324
 0.005169
 0.0008583
 0.02913
 0.007149
 0.01717
 0.003315
 0.00252
 0.006231
 0.0006637
 0.002098
 0.009563
 0.01135
 0.005527
 0.005496
 0.005782
   0.022
 0.0005964
 0.007357
 0.004876
 0.02242
 0.005315
 0.00949
 0.00717
 0.0001971
 0.02546
 0.02541
 0.00339
 0.01843
 0.004656
 0.005077
 0.01385
 0.006976
 0.01487
 0.001654
 0.005622
 0.007055
 0.006876
 0.002013
 0.007975
 0.001707
 0.003983
  0.0164
 0.03418
  0.0024
 0.008077
 0.002635
 0.005017
 0.004008
 0.02694
 0.002755
 0.002672
 0.01213
 0.02359
 0.009903
 0.02089
 0.009148
 0.007384
 0.01471
 0.009053
 0.02806
 0.008025
 0.00301
 0.01136
 0.02291
 0.008596
 0.00609
 0.006867
 0.004449
 0.04612
 0.02837
 0.008019
 0.008416
 0.002178
 0.002878
 0.007467
 0.01063
 0.006297
 0.003393
 0.004485
 0.002237
 0.001163
 0.03133
 0.004032
 0.02057
 0.01059
 0.01419
 0.0006023
 0.01813
 0.01002
 0.002373
 0.01189
 0.005954
 0.02259
 0.01028
 0.01414
 0.01459
 0.009021
 0.006842
 0.005675
 0.0009999
 0.001545
 0.0007091
 0.00744
 0.01115
 0.006914
 0.0008066
 0.007092
 0.03214
 0.02825
 0.0009418
 0.00996
 0.008341
 0.005501
 0.002189
 0.02689
 0.006261
 0.00509
 0.007684
 0.005056
 0.01653
 9.954e-005
 0.01776
 0.02059
 0.004447
 0.002291
 5.954e-005
 0.002965
 0.0009033
 0.009396
  0.0169
 0.007564
 0.01602
 0.01269
 0.001319
 0.01395
 0.007241
 0.03226
 0.01931
 0.002233
 0.002544
 0.01585
 0.002369
 0.006187
 0.005252
 0.00941
 0.00694
 0.004173
 0.00686
 0.02793
 0.006754
 0.000894
 0.007746
 0.00769
 0.001043
 0.005581
 0.01312
 0.003129
 0.03654
 0.006838
 0.03071
 0.005046
 0.02796
 0.0003204
 0.005701
 0.006129
 0.01028
 0.007206
 0.001175
 0.005629
 0.0003561
 0.02524
 0.006221
 0.01472
 0.001558
 0.001403
 0.01566
 0.006101
 0.004504
 0.01747
  0.0376
 0.000578
 0.001462
 0.006826
 0.0002589
 0.02178
 0.009877
 0.01001
 0.008575
 0.01962
 0.0001642
 0.01271
 0.004668
 0.01405
 0.005686
 0.00358
 0.000346
 0.00166
 0.0008786
 0.0006625
 0.008188
 0.01035
 0.002662
 0.02569
 0.01167
 0.01086
 0.006144
 0.03195
 0.01331
 0.01428
 0.004174
 0.01107
 0.04037
 0.00858
 0.000342
 0.01789
 0.004929
 0.02217
 0.02013
 0.01425
 0.02517
 0.01409
 0.01284
 0.002242
 0.00443
 0.005913
 0.01586
 0.00822
 0.01242
 0.01019
 0.0005915
 0.01452
 0.01692
 0.004832
 0.02628
 0.007127
 0.02576
 0.002651
 0.01044
 0.002291
 0.002999
 0.003317
 0.03068
 0.001327
 0.008007
 0.002109
 0.01355
 0.005293
 0.008811
 0.003903
 0.004948
 0.0007457
 0.01763
 0.01325
 0.008018
 0.003038
 0.02879
 0.002918
 0.008347
 0.0006336
 0.005155
 0.01009
 0.0007438
 0.01695
 0.02687
 0.005971
 0.01133
 0.02551
 0.002629
 0.00359
 0.002714
 0.001526
 0.005629
 0.01806
 0.01462
 0.007925
 0.01084
 0.01441
 0.01285
 0.007181
 0.01077
 0.03078
 0.01295
  0.0249
 0.003518
 0.008695
 0.0003652
 0.001628
 0.001963
 0.03381
 0.00302
 0.00175
 0.001839
 0.02662
 0.01145
 0.007585
 0.03088
 0.009576
 0.03307
 0.006746
 0.01039
 0.01013
 0.01643
 0.0005746
 0.002723
 0.00175
 0.002985
 0.00136
 0.004477
 0.05161
 0.007725
 0.005209
 0.01042
 0.009252
 0.004907
 0.00761
 0.004814
 0.0004801
  0.0159
 0.001843
 0.0008245
 0.004896
 0.005978
 0.0009353
 0.000534
 0.004188
 0.004384
 0.001809
 0.02492
 0.01076
 0.004938
 0.00616
 0.001556
 0.03718
 0.01858
 0.00292
 0.01423
 0.000719
 0.04139
 0.002491
 0.01223
 0.01468
 0.01272
 0.004846
 0.008672
 0.03851
 0.02504
 0.001879
 0.0008274
 0.03847
