 0.01563
 0.001303
 0.003709
 0.006425
 0.006327
  0.0659
 0.03505
 0.005688
 0.02679
  0.0161
 0.002664
 0.004131
 0.01545
 0.01314
 0.03001
 0.02202
 0.002236
 0.01535
 0.04053
 0.02655
 0.01768
 0.01162
 0.01257
 0.005117
 0.01089
 0.008144
 0.001967
 0.00989
 0.04119
 0.008112
 0.007844
 0.01939
 0.007708
 0.003409
 0.009798
  0.0396
 0.009235
 0.01433
 0.03452
 0.003092
 0.03574
 0.0008718
 0.02131
 0.004795
 0.02929
 0.006127
  0.0162
 0.003735
 0.02002
  0.0351
 0.03009
 0.03845
 0.007191
 0.01714
 0.006333
 0.01645
 0.00186
 0.009004
 0.02468
 0.01624
 0.02843
 0.01161
 0.02222
 0.01715
 0.05499
 0.004903
 0.01597
 0.01261
 0.01749
 0.01705
 0.02425
 0.02493
 0.02233
 0.02814
  0.0131
 0.001398
 0.03277
 0.01809
 0.007938
 0.03896
 0.01145
 0.007893
 0.02916
 0.001041
 0.0009363
 0.0003036
 0.01692
 0.004608
 0.03687
 0.00104
 0.02896
 0.01573
 0.009171
 0.07016
 0.02045
 0.007268
 0.002971
 0.02809
 2.575e-005
 0.00435
 0.02459
 0.02002
 0.03059
 0.002724
 0.002796
 0.01017
 0.03772
 0.02198
 0.01097
 0.002706
 0.008085
 0.03482
 0.005888
 0.01666
 0.003033
 0.005967
 0.01282
 0.002631
 0.02534
 0.002367
 0.01623
 0.02998
   0.013
 0.009787
 0.01187
 0.007261
 0.01397
 0.03144
 0.02329
 0.008456
 0.03323
 0.0005251
 0.01403
 0.005598
 0.007802
 0.006275
 0.03894
 0.01166
 0.0009689
 0.004818
 0.01083
 0.005721
 0.04257
 0.002758
 0.03522
 0.003279
 0.002376
 0.01799
  0.0149
 0.01382
 0.0005141
 0.006633
 0.00155
 0.005558
 0.003959
 0.002809
 0.03286
 0.002737
 0.01525
 0.002952
 0.01218
  0.0127
 0.01149
 0.05412
 0.02919
 0.04371
 0.01738
 0.006026
 0.02451
 0.01109
 0.005946
 0.01778
 0.01643
 0.01616
 0.005239
 0.02351
 0.0004784
 0.01285
 0.0001723
 0.003178
 1.211e-005
 0.02753
 0.01755
 0.03362
 0.001035
  0.0454
 0.001937
 0.02424
 0.004924
  0.0386
 0.001545
 0.006432
 0.004598
 0.02339
 0.003448
 0.001001
 0.006506
 0.002857
 0.04958
 0.002722
 0.01288
 0.04647
 0.04171
  0.0782
 0.02071
 0.01868
 0.02056
  0.0216
 0.01201
 0.004833
 0.00131
 0.03297
 0.01254
 0.008685
 0.04808
 0.02492
 0.006384
 0.006318
 0.01201
 0.006429
  0.0107
 0.002532
 0.006039
 0.007407
 0.01977
 0.01486
 0.003801
 0.007087
 0.03052
 0.01166
 0.01321
 0.03552
 0.08326
 0.008087
 0.003465
 0.005262
 0.01196
 0.06959
 0.01239
 0.001683
 0.002399
 0.03095
 0.01566
 0.02392
 0.06417
 0.03683
 0.003276
 0.00162
 0.01747
 0.05561
 0.02086
 0.03066
 0.005985
 0.00835
 0.01278
 0.006157
 0.01835
 0.01419
 0.02972
 0.03341
 0.002931
 0.01165
 0.02211
  0.0126
 0.03869
 0.007501
 0.008171
 0.01281
 0.02774
 0.001275
 2.488e-005
 0.03605
 0.01771
 0.03158
 0.03892
 0.03973
 0.002062
 0.02586
 0.01681
 0.03012
  0.0302
  0.0086
 0.08325
 0.007518
 0.01205
 0.003746
 0.001205
 0.003749
  0.0475
 0.004507
 0.007332
 0.01705
 0.001123
 0.01922
 0.02592
 0.002409
 0.001031
 0.008536
 0.02712
 0.02868
 0.00817
 0.01068
 0.008639
 0.002434
 0.03395
 0.02669
 0.004352
 0.006542
 0.02149
 0.01677
 0.01539
 0.0008875
 0.01776
 0.003186
 0.01597
 0.04168
  0.0385
 0.001544
 0.003211
 0.001168
 0.005743
 0.001927
 0.001008
 0.02045
 0.006647
 0.01443
 0.08978
 0.02074
 0.004522
 0.000614
  0.0209
 0.002803
 0.000484
  0.0214
 0.0005988
 0.03416
 0.01336
 0.004246
 0.03411
 0.0008715
 0.01493
 0.05559
 0.007443
 0.02347
 0.03727
 0.02661
 0.03582
 0.01265
 0.004478
  0.0145
 0.002543
 0.04541
 0.01159
 0.02099
 0.003969
 0.001723
 0.02249
 0.02115
 0.01614
 0.006111
 0.004226
 0.02567
 0.00862
 0.01371
 0.01159
 0.007221
 0.002888
 0.00234
  0.0111
 0.01763
 0.001989
 0.001925
 0.01142
 0.005901
 0.003467
   0.096
 0.006546
 0.02793
 0.001186
 0.004676
 0.005973
 0.004231
 0.004705
  0.0302
 0.007324
 0.01523
 0.001875
 0.02991
 0.001482
 0.01675
 0.05616
 0.04841
 0.02644
 0.003658
 0.002768
 0.001474
 0.01531
 0.03652
 0.00115
 0.04658
 0.01008
 0.01616
 0.00432
 0.01264
 0.004143
 0.003246
 0.007503
 0.02575
 0.02204
 0.02296
 0.009822
 0.001439
 0.03542
  0.0128
 0.02457
 0.02743
 0.01661
 0.005639
 0.0003326
 0.05308
 0.002376
 0.03251
 0.005848
 0.01764
 0.02225
 0.02597
 0.004521
 0.02248
 0.001929
 0.03319
 0.0005999
 0.00663
 0.004511
 0.01787
 0.01165
 0.007387
 0.01287
 0.002276
 0.003175
 0.003202
  0.0392
 0.002482
 0.006118
 0.001304
 0.02329
 0.001046
 0.0001006
 0.03494
 0.002058
 0.006118
 0.004333
 0.01127
 0.01833
   0.042
 0.03867
  0.0106
 0.02948
 0.001853
 0.04821
 0.01417
 0.02637
 0.02765
 0.006992
 0.006745
 0.01573
 0.005861
 0.004206
 0.01578
 0.004604
 0.01886
 0.03748
 0.003336
 0.01578
 0.01171
 0.04439
 0.004866
 0.02017
 0.006284
 0.004062
 0.001358
 0.01441
 0.003607
 0.0004291
  0.0107
 0.01078
 0.007135
 0.001101
 0.009223
  0.0319
 0.01804
 0.01328
 0.01563
 0.009947
 0.005024
 0.005452
 0.07103
 0.00756
 0.001166
 0.01798
 0.006686
 0.00186
 0.007639
 0.02769
 0.03041
 0.01718
 0.008217
 0.01492
 0.01751
 0.01182
 0.03034
 0.01962
 0.009454
 0.02798
 0.01073
 0.01879
 0.04573
 0.00689
 0.01887
 0.00101
 0.01319
 0.01471
 0.000122
 0.00696
 0.03552
 0.03192
 0.02251
 0.002175
 0.006144
 0.005377
 0.01134
 0.001894
 0.01288
 0.03992
 0.02133
 0.003829
 0.003392
 0.02509
 0.006403
 0.01443
 0.00599
 0.05197
 0.002989
 0.02101
 0.07356
 0.01504
 0.01927
 0.01079
 0.03874
 0.000629
 0.009695
 0.003077
 0.03407
 0.02819
 0.01761
 0.01506
 0.008991
 0.02547
 0.02592
 0.002712
 0.006953
 0.002258
 0.00216
 0.02971
 0.005325
 0.00955
 0.005404
 0.007276
 0.004618
 0.02654
 0.02896
 0.003215
 0.004445
 0.02825
 0.02819
 0.01401
 0.02355
  0.0204
 0.00736
 0.02016
 0.008721
 0.00698
 0.003103
  0.0187
 0.00915
 0.006424
 0.002695
 0.01509
 0.00485
 0.0004924
 0.04554
 0.01716
 0.002048
 0.01962
 0.01049
 0.002285
 0.01366
 0.01059
 0.01356
 0.01298
 0.00085
  0.0109
 0.009579
 0.01754
 0.01078
 0.03553
 0.00673
 0.01257
 0.02559
 0.04457
 0.0003754
 0.01672
 0.01104
 0.0008709
 0.008185
 0.03327
 0.004558
 0.03526
 0.000301
 0.01625
 0.008889
 0.007364
 0.02022
 0.03688
 0.01764
 0.02397
 0.001333
 0.005172
 0.009503
 0.02613
 0.001814
 0.0009326
 0.01645
 0.01569
 0.01947
 0.005918
 0.001194
 0.04391
 0.004618
 0.03565
 0.001789
 0.0008096
 0.00377
 0.01342
 0.003041
 0.04452
 0.01672
 0.0002849
 0.007089
 0.005392
 0.02554
 0.05461
 0.04632
 0.01371
 0.01667
 0.003074
 3.05e-005
 0.002121
 0.01044
 0.01271
 0.04406
 0.003363
 0.009451
 0.002947
 0.0004149
 0.05999
 0.002055
 0.008314
 0.0005671
  0.0221
 0.00134
 0.03921
 0.02168
 0.02959
 0.009543
 0.02254
 0.01078
 0.02441
 0.009582
 0.008578
 0.02512
 0.005742
 0.09322
 0.03601
 0.03153
 0.009071
 0.004883
 0.02335
 0.003194
 0.01267
 0.003307
 0.004023
 0.001238
 0.009018
 0.001622
 0.00278
 0.004868
 0.006854
 0.004546
 0.004124
 0.008495
 0.001608
 0.007495
 0.03521
 0.02038
 0.001319
 0.00497
  0.0109
 0.01006
 0.007174
 0.006668
 0.006333
 0.01394
 0.02032
 0.003073
 0.01888
 0.003441
 0.02077
 0.001691
 0.04631
 0.003987
 0.02641
 0.02236
 0.01449
 0.03673
 0.005638
 0.01519
 0.006104
 0.007324
 0.01135
 0.01499
 0.0009822
 0.00392
 0.02425
 0.01684
 0.001577
 0.001171
 0.01327
 0.003604
 0.0009393
 0.002308
 0.009963
 0.03059
 0.0006271
 0.02263
 0.006001
 0.03042
 0.01632
 0.06276
 0.004239
 0.01924
 0.09269
 0.002657
 0.01913
 0.01905
  0.0431
 0.009094
 0.01385
 0.01133
 0.03957
 0.007481
 0.004265
  0.0209
 0.003379
 0.01104
 0.01338
 0.009365
 0.02768
 0.02972
 0.0008296
 0.02483
 0.02198
 0.01241
 0.03206
  0.0116
 0.03004
 0.006879
 0.03281
 0.01295
 0.0001699
 0.004758
 0.02176
 0.01372
 0.003822
 0.0001566
 0.06841
 0.01282
 0.01211
 0.01977
 0.0007124
 0.006097
 0.004414
 0.005999
 0.006118
 0.002414
 0.03588
 0.00511
 0.004316
 0.005328
 0.006686
 0.0007809
 0.006863
 0.01276
 0.02765
 0.01913
 0.006937
  0.0312
 0.0001474
 0.008009
 0.002989
 0.02717
 0.001805
 0.0006959
 0.0003385
 0.004893
  0.0318
 0.02874
 0.01039
  0.0302
 0.01727
 0.02266
   0.011
 0.01382
 0.01379
  0.0039
 0.01231
 0.007834
 0.009637
 0.01411
   0.014
 0.01975
 0.04411
 0.02142
 0.003952
 0.0001809
 0.01371
 0.01656
 0.01953
 0.008595
 0.02865
 0.03967
 0.08201
 0.002954
 0.00353
 0.007796
 0.03295
 0.005736
 0.004131
 0.01642
  0.0423
 0.002013
 0.01486
 0.01513
  0.0192
 0.02702
 0.003455
 0.001974
 0.01769
 0.06471
 0.002419
 0.009782
 0.00752
 0.004383
 0.03592
 0.04064
 0.009715
 0.02097
 0.005265
 0.008472
 0.01936
 0.02027
  0.0139
 0.04838
 0.002206
 0.002545
 0.01346
 0.005703
 0.000889
 0.003859
 0.01456
 0.01006
 0.002292
 0.03708
 0.01665
 0.005673
 0.009156
  0.0133
 0.007861
 0.0007181
   0.011
 0.01042
 0.004655
 0.04055
 0.008191
 0.008705
 0.01085
 0.01669
 0.02829
 0.003746
 0.004084
 0.0003869
 0.002044
 0.005545
  0.0123
  0.0123
 0.006958
 0.005325
 0.01085
 0.02802
 0.007367
 0.01247
 0.004394
 0.006701
 0.03336
 0.02049
 0.0009785
 0.03109
 0.01083
 0.006939
 0.009009
 0.0005205
 0.02599
 0.007853
 0.0009416
 0.0001222
 0.009262
 0.02364
 2.498e-005
 0.04312
 0.002097
 0.07547
 0.01895
 0.01225
 0.02271
 0.01824
 0.06095
  0.0188
 0.009339
 0.001669
 0.004662
 0.06891
 0.01402
 0.02603
 0.009609
 0.005728
 0.04181
 0.001727
 0.002427
 0.005993
 0.01667
 0.02014
 0.01489
 0.001908
 0.007339
 0.004548
 0.03049
 0.02311
 0.005033
 0.02816
 0.02095
 0.02768
 0.002145
 0.01544
 0.04916
 0.04714
 0.007621
 0.008211
 0.003584
 0.009586
 0.003105
 0.002348
 0.002309
 0.02843
 0.01049
 0.01236
  0.0112
 0.00752
 0.001185
 0.01447
 0.00282
 0.01933
 0.01833
 0.003117
 0.003341
 0.006081
 0.05591
 0.01449
 0.03678
 0.003494
 0.01831
 0.001989
 0.04244
 0.006609
 0.01547
 0.01484
 0.005765
 0.006004
 0.02372
 0.07012
 0.01044
 0.03007
 0.006857
