  0.2422
 0.009218
  0.0408
 0.008651
 0.07496
  0.1981
 0.03669
 0.08855
 0.04935
 0.07621
  0.1417
  0.1618
 0.004054
  0.1139
 0.07687
 0.02911
  0.1058
 0.01745
 0.09645
  0.2389
  0.1539
 0.07712
 0.02188
 0.08181
 0.08798
  0.0175
 0.07955
  0.1005
 0.05524
 0.003544
   0.078
 0.05577
  0.1138
  0.1417
 0.03182
  0.2102
 0.002963
 0.03824
 0.02801
 0.00432
 0.008989
 0.01455
 0.07022
 0.08097
 0.006263
  0.1772
  0.1457
  0.1137
 0.03672
 0.007663
 0.02957
  0.0274
  0.1538
 0.07884
   0.252
 0.05521
  0.1501
 0.03334
 0.05167
  0.0801
 0.01926
 0.05796
 0.04308
 0.04783
 0.04149
 0.05798
 0.01631
   0.125
 0.06449
 0.02999
 0.01061
 0.01308
 0.05676
 0.004601
 0.07071
 0.01924
  0.1896
 0.07521
 0.002768
 0.04849
 0.02029
 0.01829
  0.3507
 0.09238
  0.1567
  0.1619
 0.01864
 0.07363
 0.01715
 0.008771
 0.09789
 0.03648
 0.07674
 0.03618
  0.1359
 0.01384
 0.08581
 0.09467
 0.02211
  0.1041
  0.3849
 0.02197
 0.01085
 0.001567
 0.05172
  0.1307
 0.01075
 0.07444
 0.03231
 0.04954
 0.04892
 0.04366
 0.006882
 0.006804
 0.0005349
 0.01573
 0.08326
  0.1601
 0.02613
  0.4647
 0.05156
 0.0002199
 0.07402
  0.2342
 0.05691
 0.00932
 0.009795
 0.08115
 0.02962
  0.1838
  0.1223
  0.1173
 0.007772
 0.09257
 0.06946
 0.08701
  0.1217
  0.3051
  0.0485
  0.1622
  0.0119
  0.3202
 0.04411
 0.09254
 0.09843
 0.02163
 0.08134
  0.1194
 0.001599
 0.01375
 0.04764
 0.08964
 0.05408
 0.06461
 0.04807
 0.03961
 0.08702
 0.02497
 0.06695
  0.2398
 0.01161
 0.08338
 0.009092
  0.2407
 0.08238
 0.01796
  0.1235
 0.01333
 0.01889
 0.006481
  0.1728
 0.002191
 0.00789
 0.08857
 0.01854
  0.0273
  0.1962
 0.01955
 0.01793
 0.05979
  0.1004
 0.02472
 0.001365
 0.09762
 0.002388
  0.0314
 0.05995
  0.1095
  0.1608
 0.03875
 0.05261
 0.00876
  0.1897
 0.05325
 0.04985
 0.02683
 0.04713
 0.02797
 0.002086
  0.0528
 0.05989
 0.08025
 0.09038
 0.00809
  0.3313
 0.008472
 0.006833
 0.02331
 0.04843
 0.06204
  0.2367
 0.04921
 0.06448
  0.1036
  0.0208
 0.009932
  0.1442
  0.1385
 0.01062
 0.004255
  0.1777
 7.25e-005
 0.01189
  0.0115
 0.04268
  0.2351
 0.01469
  0.1356
 0.02525
 0.05662
 0.06286
 0.09828
 0.06061
 0.01843
 0.01159
 0.01028
 0.06891
  0.1155
 0.03084
 0.07422
 0.01149
  0.1111
 0.01452
 0.07364
  0.0294
 0.007248
 0.03942
  0.2003
   0.102
 0.07022
 0.05472
 0.02939
 0.05842
 0.07527
  0.1262
 0.006462
 0.04648
 0.06197
 0.05081
 0.06846
  0.1799
 0.03776
  0.0865
  0.1536
 0.0009055
 0.02832
 0.05671
 0.01116
 0.09119
 0.02045
 0.02022
 0.03964
 0.09734
 0.03764
  0.0119
 0.0001625
  0.1099
  0.1493
  0.1204
 0.01386
 0.04956
  0.0132
  0.2529
 0.06702
 0.06167
  0.1225
  0.1115
  0.2559
  0.1163
   0.137
 0.08934
 0.07211
 0.009032
 0.04417
 0.08268
  0.2418
  0.0984
 0.04796
 0.009614
 0.01351
 0.00606
 0.0003555
 0.005496
  0.0794
  0.3277
  0.2361
 0.01244
 0.08343
   0.087
 0.06502
 0.08965
  0.1564
  0.1458
 0.003398
  0.1134
  0.1614
  0.1036
 0.003887
 0.02766
  0.1322
 0.01572
 0.02959
 0.005221
  0.1913
 0.08828
 0.01707
    0.12
 0.002365
 0.04691
 0.01832
 0.01803
 0.02053
 0.05599
 0.07481
 0.01026
 0.03597
 0.09902
  0.4101
 0.04899
 0.07583
  0.1456
  0.1109
 0.03602
 0.005546
 0.07857
  0.1188
  0.0187
 0.02069
  0.1626
  0.1885
 0.09199
 0.08799
 0.04612
 0.06101
  0.1777
 0.06074
 0.03933
 0.01771
 0.03317
 0.009465
   0.458
 0.006702
 0.006167
 0.03751
  0.1236
 0.07371
  0.0877
 0.07507
 0.09613
 0.003381
   0.038
  0.2025
 0.004593
  0.2618
 0.01065
   0.123
  0.0758
  0.1933
 0.06632
 0.08972
  0.1067
  0.1955
 0.02041
 0.06632
 0.03421
 0.003765
 0.04934
  0.0576
 0.003549
  0.3411
 0.07462
 0.02158
 0.01032
 0.07235
 0.0002439
 0.08019
 0.09375
 0.05639
 0.001254
 0.04243
  0.1023
 0.07613
 0.01591
 0.06988
 0.006774
 0.09556
 0.02066
 0.006837
 0.06886
  0.2741
 0.01146
 0.02385
  0.0111
 0.07103
 0.01619
 0.05987
 0.09016
 0.03326
 0.005183
  0.1707
 0.03907
 0.006212
  0.1652
 0.04571
 0.07487
 0.02985
 0.02405
 0.003933
 0.001008
  0.1526
 0.04111
  0.1266
 0.06515
 0.02552
 0.01191
 0.08399
 0.09512
 0.05782
   0.281
  0.2525
 0.02914
 0.04969
 0.01515
 9.222e-005
  0.1289
 0.05179
  0.1454
 0.07086
 0.01971
  0.3445
  0.2421
 0.08529
 0.02122
 0.0004071
 0.04168
  0.1089
 0.02406
  0.1069
  0.0129
 0.07535
 0.05433
 0.01494
 0.01296
  0.1254
 0.0001717
 0.05913
 0.05988
  0.0136
 0.09662
  0.2297
 0.07566
 0.04759
 0.06667
  0.2534
  0.3023
  0.1979
 0.06435
 0.009285
 0.05211
  0.1209
  0.1059
 0.05208
 0.04328
  0.1729
  0.0337
 0.02771
 0.05448
 0.01751
   0.144
 0.04303
  0.2189
 0.03964
  0.2607
  0.3803
 0.05652
  0.0454
  0.1276
  0.1958
 0.08306
 0.009919
  0.1646
  0.0542
 0.04923
 0.07302
 0.01393
  0.2556
  0.1338
 0.005199
 0.01504
 0.0004187
 0.03931
 0.01189
 0.002816
 0.03827
  0.1118
 0.06966
 0.05655
 0.05339
 0.04351
  0.1312
 0.01123
  0.1669
  0.1874
 0.04132
 0.01465
  0.1423
  0.1206
   0.111
  0.1145
   0.268
  0.1176
 0.06536
  0.3727
  0.1002
   0.122
 0.04578
  0.1483
 0.0007943
  0.3694
 0.04702
 0.04276
 0.09168
  0.1482
 0.08908
  0.1585
 0.01912
 0.02173
  0.1258
 0.05642
 0.01075
 0.04928
 0.07701
  0.1935
 0.08163
 0.03282
 0.09122
  0.1846
  0.0229
 0.02206
  0.1197
 0.08721
  0.0182
 0.01625
 0.06104
  0.1345
 0.01236
  0.1601
  0.5587
  0.0429
 0.07714
  0.1111
  0.0108
 0.007642
 0.09729
 0.01127
 0.04621
 0.003038
  0.0545
  0.0126
 0.06212
 0.01102
 0.09893
  0.1869
 0.08709
  0.2908
 0.02361
 0.05768
 0.02428
  0.2386
  0.1125
 0.01483
 0.06192
 0.02765
   0.015
 0.01373
 0.006254
 0.01388
 0.02716
  0.3868
 0.02706
 0.08433
 0.03479
 0.04225
 0.009612
  0.2542
 0.07063
 0.05756
 0.04907
 0.02917
  0.1185
  0.1106
  0.1591
 0.01189
  0.1283
 0.002335
  0.3222
 0.007363
 0.02193
   0.102
 0.01483
 0.007424
  0.1822
  0.1463
 0.006977
 0.04286
 0.03927
  0.3163
 0.01666
  0.1203
 0.09435
 0.04343
 0.03572
 0.03325
  0.1017
 0.02198
 0.04572
  0.1293
   0.161
 0.02826
  0.1155
 0.05095
 0.06778
 0.03454
   0.122
 0.03081
  0.1991
 0.008809
 0.06772
 0.003353
 0.01129
 0.02209
 0.04456
 0.008224
 0.01747
 0.06261
 0.04213
  0.1386
 0.04057
  0.2069
  0.2034
 0.05089
  0.1829
 0.04889
 0.02268
 0.02357
 0.02458
 0.05693
 0.01287
 0.04289
 0.006159
  0.1096
 0.03921
 0.03039
 0.04443
 0.02008
 0.03312
 0.04959
  0.0696
 0.04298
 0.05494
 0.07294
 0.04752
 0.03359
 0.007682
  0.1112
 0.01617
 0.06579
 0.06841
 0.02816
  0.1032
 0.02635
 0.02876
 0.002049
 0.04331
 0.03821
  0.2989
 0.01584
 0.05567
 0.05763
 0.02385
 0.06771
  0.1015
 0.01375
  0.0355
 0.07502
  0.1607
 0.08032
 0.06474
 0.03433
 0.03363
 0.02429
  0.1206
 0.06714
  0.1074
 0.03063
 0.01458
  0.1526
 0.03894
 0.01583
 0.07445
 0.07508
   0.192
 0.03182
 0.03615
 0.01706
  0.1268
 0.04973
 0.06583
  0.1761
  0.3494
 0.06018
  0.1307
 0.00548
 0.03614
  0.1245
 0.09771
 0.01296
 0.04313
  0.1753
 0.05086
  0.1116
  0.1014
   0.192
 0.04731
  0.1016
 0.06012
 0.04668
 0.09358
 0.01496
 0.03398
 0.08562
 0.06075
 0.06425
 0.04995
 0.03429
 0.01244
  0.1175
 0.06489
 0.0004148
 0.005858
 0.01553
 0.01988
  0.1462
  0.1394
 0.08277
 0.05893
  0.2385
  0.0502
 0.09372
 0.07629
 0.02316
 0.01032
 0.04934
 0.02331
 0.08068
  0.0607
  0.1439
 0.03456
 0.001114
 0.09781
 0.05155
 0.07059
 0.02883
 0.03905
  0.1913
  0.2306
 0.07726
 0.08441
 0.06311
 0.02197
 0.02323
 0.05418
  0.1319
  0.1102
  0.1012
 0.03392
 0.01137
   0.105
  0.1806
 0.08794
 0.004082
 0.0005447
 0.001255
 0.05733
 0.02364
 0.04919
  0.1061
 0.006555
 0.09325
  0.1043
 0.02613
 0.02228
 0.06649
 0.08273
  0.0381
 0.01789
 0.04688
  0.1548
 0.04493
   0.242
 0.02861
 0.03612
 0.05695
  0.1795
 0.06881
 0.009967
 0.04856
 0.04034
 0.02581
 0.05883
  0.2061
 0.03386
  0.2955
 0.007626
 0.04565
 0.09649
  0.1947
  0.1746
 0.05253
 0.007973
 0.006729
 0.01863
 0.06266
 0.03086
    0.02
 0.005023
  0.0159
 0.0004373
  0.2599
   0.109
 0.005324
 0.004167
  0.1305
 0.05028
 0.005911
  0.0271
 0.02504
  0.1407
 0.03201
 0.001752
  0.1652
 0.04408
 0.02933
 0.05894
  0.0238
 0.04221
  0.1388
 0.09924
 0.01932
 0.005212
 0.01438
 0.07593
  0.1134
 0.02867
 0.008366
  0.3407
 0.01915
 0.03253
  0.3105
  0.1335
 0.01979
 0.01296
  0.1195
   0.322
  0.1508
 0.007688
 0.01664
 0.09752
 0.08325
  0.0455
 0.07651
 0.02021
 0.09608
  0.3038
 0.03229
 0.02212
 0.09151
 0.05679
 0.04753
 0.06797
  0.2318
 0.05488
 0.004465
 0.09249
 0.06069
 0.06349
 0.01783
 0.02268
  0.0313
 0.002751
 0.00464
  0.0908
 0.00158
 0.06857
  0.1685
   0.118
 0.01907
  0.1072
 0.01397
 0.01708
 0.05684
 0.04939
 0.07412
 0.005166
 0.06251
 0.09248
 0.02632
  0.0583
 0.00382
  0.1992
 0.07152
 0.03102
  0.1684
  0.1103
 0.04377
  0.0327
  0.0161
  0.0531
  0.0125
 0.01375
 0.03336
 0.08417
 0.09175
 0.07953
 0.01051
 0.06926
 0.08021
 0.05073
 0.08738
   0.305
 0.02419
   0.113
 0.07918
 0.04636
 0.06796
 0.06236
 0.01656
 0.01015
  0.0445
  0.0407
 0.008592
 0.01361
 0.06141
  0.3657
  0.1297
  0.0333
  0.0675
 0.07027
 0.05057
 0.08128
 0.01848
  0.1049
 0.004303
  0.1118
 0.01506
 0.09512
 0.03082
  0.0919
 0.03286
 0.00908
 0.001433
 0.02901
   0.119
 0.04771
  0.1252
  0.1889
  0.1302
  0.1018
 0.04015
  0.1181
 0.005791
  0.1939
 0.08046
  0.1114
 0.06599
 0.06984
 0.05526
   0.128
  0.1195
 0.05159
 0.01772
