   34.13
   34.74
   33.04
   34.12
   44.27
   35.44
   37.24
   33.17
   41.32
   34.91
   38.72
   35.15
   32.16
   39.99
   39.96
   30.67
   40.91
   37.96
    41.5
   35.33
   33.02
   33.12
   40.98
    36.3
   34.34
   38.36
   32.18
   43.82
   40.12
   36.73
   34.13
   37.86
   44.17
   32.95
   30.15
   34.58
   37.81
   30.06
   41.87
   32.99
   39.04
    35.9
   38.38
   36.44
   31.52
   39.72
   40.21
   44.21
   38.69
   33.72
   43.45
   43.06
   32.79
   34.64
   33.77
   43.83
   38.95
   30.28
   30.53
   42.95
   44.25
    31.1
   40.78
   44.04
   41.76
   31.78
   43.38
   34.45
   44.63
   32.74
   33.03
   36.86
   40.13
   31.76
   34.35
   40.78
   33.73
   30.51
   40.94
   39.16
   33.17
   41.11
   44.41
   34.96
   32.48
   32.73
   33.49
   32.66
   41.09
   43.08
   38.08
   44.88
   37.87
   35.05
   38.29
    38.9
    30.2
   38.24
   38.51
   33.26
   38.01
   35.49
   36.51
   44.29
   32.88
   44.51
   37.43
   32.69
   42.08
   34.38
   37.92
   30.07
   42.63
   37.16
   40.16
   40.56
   35.37
   34.41
   35.92
   32.33
   44.03
   38.79
   35.62
   34.15
   39.26
   40.61
   37.45
   36.99
   42.75
   44.37
   41.33
   30.54
   36.23
   30.36
   33.07
   39.83
   35.57
   36.19
   43.39
    41.7
   44.84
   43.38
   41.95
   31.46
   40.35
   43.89
   41.49
    44.4
   44.75
   31.72
   36.83
   42.36
   36.05
   39.45
   33.94
   40.29
   36.71
   39.81
   34.04
   37.82
   37.71
   42.21
   32.62
   40.83
   42.58
   39.38
   33.52
   37.99
   36.49
   43.84
   33.01
   37.35
   30.29
   34.53
    33.8
   42.87
   44.61
   38.34
   44.18
   31.01
   33.89
    31.7
      32
   32.29
   35.43
   37.09
   43.81
   32.83
   33.49
   39.67
   38.84
   40.93
   33.35
   38.79
   38.15
   33.64
   30.33
   39.57
   33.62
   38.32
    38.9
   44.47
   32.07
   34.16
   31.72
   44.86
   39.25
   33.82
    43.7
   42.55
      44
   44.92
   36.07
   41.36
   32.23
   31.64
   30.45
   38.74
   31.01
    41.3
   32.89
   32.23
   32.64
   30.85
   32.96
   41.13
   38.71
   38.53
   32.77
   37.97
   44.17
   40.34
   31.11
   30.13
   36.35
   31.67
   37.41
   36.41
   39.09
   33.85
   40.89
   33.53
   36.75
   40.66
   39.59
   37.75
   33.28
   39.96
    39.4
   36.42
   36.32
   35.23
   38.19
   39.52
   41.21
   37.12
   39.81
   41.26
   30.08
      40
   38.18
    41.6
   30.93
   43.58
   31.37
   37.85
   41.64
   44.41
   35.64
   31.21
   44.09
   42.48
   39.47
   33.33
   33.19
   32.76
   32.71
    42.9
   30.95
   41.77
   35.56
   37.18
   40.53
   44.16
   37.66
   38.58
   30.34
   44.25
   42.18
   31.23
   38.05
   37.61
   34.84
   42.51
   34.69
   32.59
   42.99
   44.65
   43.72
   41.92
   44.68
   36.28
   35.04
   44.25
   42.72
   33.97
   44.12
   35.75
   33.72
   33.82
   36.01
    36.6
    37.2
   33.03
   39.42
   37.62
    34.6
   36.43
    40.8
    36.8
   43.37
   33.05
   43.38
   30.87
   41.03
   32.72
   36.24
   36.87
   39.23
   42.57
   38.36
   38.71
   37.83
   43.66
   37.72
    38.7
   38.91
   42.48
   35.31
   34.17
   30.91
   32.57
   44.24
   38.98
   32.62
   31.02
   43.77
   30.13
   32.28
    40.1
   38.39
   44.28
   31.64
   38.77
   41.87
   34.32
   30.03
   34.26
   31.35
   40.98
   38.39
   38.64
   36.36
   34.32
   33.36
   30.38
    32.9
   40.34
   31.34
   35.91
   32.54
   42.54
   42.55
   31.16
   36.42
   33.45
   40.08
   38.18
   34.35
   36.23
   33.98
   41.63
   33.87
   36.22
   40.29
   40.41
    44.3
    32.5
   35.12
   39.16
   30.81
   44.44
   43.73
   39.89
   33.48
   43.29
   34.55
   33.48
   31.38
   33.72
   38.27
   36.27
    31.6
    30.4
   41.92
   36.64
   38.34
   34.53
   32.87
   31.53
   36.96
   40.45
   42.98
   33.05
   38.03
   42.17
   42.58
      45
   31.44
   39.93
   44.59
   39.46
   30.39
   31.78
   43.55
   38.35
   40.52
   35.15
   44.68
   44.97
   43.93
   33.37
      33
    35.6
   43.27
   42.27
    32.3
   41.02
   30.78
   41.76
   44.28
   33.11
   32.37
   42.32
   32.57
   36.38
   31.66
   31.64
   41.81
   44.57
   44.07
   41.14
   31.71
   42.19
   40.88
   32.53
   41.11
   41.05
   38.24
   39.42
   37.05
    41.9
   36.33
    38.8
    33.8
   40.93
   33.32
    32.7
   31.98
   36.34
   39.52
   39.67
   32.58
   34.94
   31.36
   41.37
   36.03
   43.67
   40.53
   34.17
   41.26
   31.17
   32.99
   35.66
   44.77
   39.37
   43.05
   31.23
   39.72
   40.03
   37.45
   40.63
   44.92
    31.3
   34.36
   34.57
   43.96
   44.29
   42.55
   31.21
   44.24
   44.64
   30.33
   42.78
   31.06
   44.07
   44.72
   37.14
   41.63
   31.93
   30.43
    34.3
   44.19
   41.81
   38.97
   38.03
   42.05
   38.04
    32.7
    42.4
   42.64
   42.31
    33.9
   38.33
   41.58
   35.19
   33.81
   35.19
   36.75
   37.72
   36.72
   37.33
   42.36
   42.94
   44.01
   35.64
   42.99
   37.51
   38.22
   44.15
   37.66
   38.21
   42.13
   31.55
   38.91
   38.52
   42.79
   32.78
   41.83
   30.23
    35.6
   35.57
   38.15
   39.93
    38.4
   32.04
    30.3
   30.61
   30.46
    40.2
   30.46
   43.24
   41.63
   35.59
   44.62
   38.28
   31.33
   32.77
   41.66
   37.31
   37.65
   31.94
   42.41
   39.53
   41.42
   40.46
   43.68
   43.35
   40.23
   34.44
   32.39
   37.97
   32.53
   40.29
   44.55
   39.91
   31.71
   36.29
   44.38
   39.59
   35.09
   34.13
   43.37
   37.88
   38.05
   40.52
    39.3
   37.69
   33.07
    33.7
   30.35
   35.49
   38.79
   30.03
   44.14
   42.92
   39.07
   30.55
    31.8
   33.32
   42.07
   42.53
   32.01
    38.3
   34.28
   41.07
    35.1
    34.3
   39.62
   35.61
   42.09
   39.16
   43.47
   31.52
   33.76
   43.68
   36.76
   36.66
   44.68
   33.19
   30.02
   37.97
   42.34
   39.08
   37.42
   37.96
   31.15
   40.42
   30.88
   31.36
   36.53
   30.46
    44.1
    41.6
   43.97
   38.24
   36.62
   37.45
    43.1
   30.11
   42.91
   44.53
   41.72
   36.35
    36.4
   31.88
   34.91
   37.67
   33.55
   38.54
   34.05
   31.82
   32.95
    30.1
   35.91
   40.13
   44.32
   40.26
   36.71
   39.06
   42.62
   42.41
   31.17
   41.81
   42.09
   31.17
   41.56
   44.82
   35.34
   43.97
   41.81
   34.39
   37.36
   32.59
   31.54
   38.19
   39.64
   34.76
    35.1
   41.88
    39.2
   30.69
   40.68
   40.61
   37.65
   39.63
   44.34
   30.64
   40.27
   36.46
   34.11
   30.87
   40.07
   33.25
   33.98
   44.39
   31.83
   40.78
   43.05
   35.08
   41.21
   30.15
   34.54
   39.15
   33.76
   44.32
   44.83
   36.72
   33.99
   39.69
   37.61
   33.34
   34.48
   42.63
   37.85
    36.6
   39.89
   36.09
   40.92
   32.67
   36.05
    41.1
   41.62
   37.87
   34.01
    33.4
   33.27
   30.23
   39.11
   39.95
   36.74
   31.05
   35.03
   40.52
   39.54
   36.45
   42.88
   34.24
   39.89
   38.96
   30.22
   31.19
   30.73
   34.08
   30.18
   43.91
   43.86
    41.8
   35.47
      34
   43.92
   38.23
   42.45
    38.7
   32.53
   37.11
   35.23
   42.38
   32.29
   36.37
   44.69
   43.21
   40.88
   39.75
   42.56
   44.61
   30.11
   33.29
    30.5
    31.9
   34.98
   36.95
   39.12
    38.8
   32.74
   36.13
   37.09
   34.04
   31.97
   33.26
   35.16
   32.91
   41.63
   39.37
   40.25
   43.79
   40.12
   35.61
    39.5
   44.75
   34.35
   39.85
   44.36
    35.1
   43.78
   38.23
    44.6
   41.96
   39.53
   36.72
   37.41
   36.81
   33.39
   37.71
   41.47
   32.05
   31.91
   31.53
   35.97
   42.57
   35.48
   33.01
   34.73
   32.34
   37.33
   43.11
   40.22
    40.9
   37.68
    40.4
   42.61
   40.01
   42.71
   32.68
    33.9
   30.15
   33.71
    33.5
   36.91
    32.1
   41.07
   38.78
   44.39
   33.51
    38.4
   33.29
   33.04
   40.47
   31.53
    42.3
   37.62
   39.03
   42.65
   33.08
   44.99
   31.82
    34.3
   41.48
   38.15
   44.58
   43.47
   43.52
   40.34
   42.72
   30.66
    36.9
    39.1
   42.89
   43.95
   32.61
    30.3
   44.56
   38.03
   31.47
   32.22
   36.54
   38.29
   30.71
   39.62
   33.59
   34.89
   30.48
   37.82
   37.94
   41.78
   40.49
   31.69
   30.89
   35.81
   41.52
   44.82
   39.34
   30.78
   36.99
   43.47
   37.39
   31.49
   44.54
   40.73
   42.85
   32.79
   42.58
   35.52
   33.87
   33.68
   36.85
   41.67
   30.42
   36.35
   36.99
      42
   40.94
   30.25
   33.09
   32.33
   38.83
   36.14
   32.28
   35.64
   44.07
   30.16
   35.25
   41.01
   39.72
    32.9
   42.85
   32.78
   38.56
   33.46
   32.64
   34.58
   44.57
   33.49
   40.45
   33.38
   44.56
    31.3
   31.95
   38.54
   44.69
   35.85
   44.18
   35.94
   32.06
    35.9
   42.18
   31.96
   41.25
   44.01
   30.48
   37.59
    40.9
   35.62
    44.7
    37.5
   30.26
   38.11
   38.13
   34.06
   30.76
   39.87
   38.22
   31.43
   32.57
   34.36
   33.24
   34.64
   31.16
   34.17
   38.78
   33.61
   33.87
   40.08
   44.31
   32.24
   36.47
   40.13
   34.77
   32.47
   44.71
   38.69
   42.12
   33.35
    35.9
   40.47
   31.92
   30.08
   40.47
   34.68
   44.85
   43.07
   43.52
   38.99
   38.32
   42.06
   36.38
   38.66
   42.99
   35.09
    38.2
   30.57
