 0.03551
 0.008195
 0.005321
 0.01052
 0.03903
 0.01605
 0.03273
  0.0238
 0.003969
 0.04525
 0.005252
 0.001752
 0.03646
 0.01066
 0.03716
 0.02403
 0.02577
 0.01202
 0.002306
 3.881e-005
 0.02049
 0.005072
   0.023
 0.008569
 0.009127
 0.009273
 0.01312
 0.01616
 0.02514
 0.01483
  0.0265
 0.01219
 0.01847
 0.04013
 0.001137
 0.01292
 0.002222
 0.02378
 0.01389
 0.003968
 0.01484
 0.09268
 0.02002
 0.03731
 0.01186
 0.06802
 0.01741
 0.0003928
  0.0336
 0.02067
 0.002285
 0.001769
 0.07218
 0.01048
 0.02202
  0.0342
 0.02772
 0.01688
 0.01271
 0.06456
 0.01413
 0.05427
 0.01576
 0.02914
 0.004575
 0.008746
  0.0324
 0.01745
 0.01258
 0.007203
 0.001972
 0.01005
 0.02057
 0.01113
 0.00656
 0.01034
 0.04022
 0.002469
 0.006753
 0.01727
 0.002625
 0.001276
 0.003796
 0.005031
 0.007423
 0.03436
 0.004216
 0.01537
 0.007103
 0.009461
 0.03736
 0.003951
   0.129
 0.02444
 0.06714
 0.03567
 0.01079
 0.008114
 0.02816
 0.02848
  0.0258
 0.04683
 0.04023
 0.009307
 0.007628
 0.02669
 0.01208
 0.03129
 0.04177
 0.009982
 0.005523
 0.01045
 0.01137
 0.005374
 0.01758
 0.01183
 0.01137
  0.1007
  0.0152
 0.01515
 0.03165
 0.007795
 0.04383
 0.005549
 0.07151
 0.009243
 0.006433
 0.02294
 0.0004288
 0.008149
 0.00437
 0.0007776
 0.02155
 0.0006296
 0.00208
 0.003075
 0.00798
 0.01201
 0.01143
 0.0007667
 0.005984
 0.007958
 0.02594
  0.0154
 0.01497
 0.02388
 0.01962
 0.03103
 0.002672
 0.01224
 0.07426
 0.03604
 0.000365
 0.05592
 0.04232
 0.003986
 0.00468
 0.01228
 0.02823
 0.008604
 0.03207
 0.04394
 0.01042
 0.01197
 0.001085
 0.004846
 0.001515
 0.02675
  0.0123
 0.00215
 0.01411
 0.003857
 0.03167
 0.01208
 0.0004843
  0.1442
 0.004071
 0.07539
  0.0171
 0.006529
 0.003617
  0.0273
 0.03229
 0.01304
 0.02779
 0.02826
 0.002121
 0.0005204
 0.01345
 0.01399
 0.02342
 0.04002
 0.01514
 0.01499
 0.02194
 0.0005431
 0.02314
 0.08778
 0.00145
 0.004175
 0.01345
 0.004959
 0.05903
 0.005369
 0.00618
 0.007125
  0.0107
 0.03488
 0.004126
 0.01867
 0.02513
 0.05951
 0.008191
 0.009736
 0.006847
 0.01364
 0.02973
 0.007338
 0.03577
 0.03306
 0.01813
 0.000697
 0.008843
 0.006004
  0.1312
 0.03043
 0.005957
 0.03209
 0.008291
 0.04233
 0.009274
 0.01494
 0.004486
 0.00818
 0.0008369
 0.005726
 0.01207
 0.01016
 0.003948
 0.000943
 0.007567
 0.002514
 0.00795
 0.03553
 0.01083
 0.04845
 0.02571
 0.04877
 0.04059
 0.002594
 0.008844
 0.01644
 0.007404
  0.0175
 0.0008124
 0.01662
 0.08186
 0.004035
 0.01239
 0.03201
 0.03171
 0.01097
 0.005953
 0.03052
 0.009383
 0.07975
 0.001391
 0.00568
 0.002964
 0.006582
  0.0183
 0.02362
 0.008652
 0.0008543
 0.02368
 0.06207
 0.00429
 0.03843
 0.009659
 0.02895
 0.03388
  0.0263
 0.06228
 0.007505
 0.01058
 0.02287
 0.000374
 0.03333
 0.006192
 0.006072
 0.01641
 0.001142
 0.03596
 0.003178
 0.0002096
 0.08925
 0.03136
  0.0233
 0.007354
 0.006062
 0.002132
 0.01298
 0.06287
 0.03193
 0.001585
 0.04799
 0.001982
 0.008715
 0.01166
 0.02721
 0.01596
 0.001717
 0.01015
 0.02204
 0.04785
 0.002038
 0.02288
 0.03931
  0.0171
 0.0006282
 0.01981
 0.01599
 0.03579
 0.01844
 0.005443
 0.01758
 0.04844
 0.003851
 0.005316
 0.08681
 0.0008916
 0.007801
 0.002658
  0.0147
  0.0152
 0.009901
 0.00633
 0.005797
 0.03328
 0.001162
 0.05839
 0.002383
 0.01406
 0.04528
 0.01006
  0.0124
 0.01377
 0.05754
  0.0466
 0.02101
 0.09164
 0.005887
 0.03818
 0.01732
 0.01654
 0.01269
 0.03102
 0.006221
 0.005518
 0.009366
 0.01313
 0.01053
 0.01625
 0.01243
 0.09011
 0.05652
 0.01869
   0.014
  0.0253
 0.01834
 0.002646
 0.002017
 0.01334
 0.01352
 0.01509
 0.005426
 0.01779
 0.02072
 8.571e-005
  0.0432
 0.03873
 0.01751
 0.01574
 0.01446
 0.02524
 0.04247
 0.0006062
 0.02336
 0.006152
 0.02586
 0.006607
 0.01915
 0.007609
 0.01332
 0.002715
 0.02494
 0.01292
 0.006285
 0.01242
 0.003666
 0.004384
 0.01332
 0.007582
 0.01398
 0.03729
 0.01061
 0.04723
 0.002973
 0.02862
 0.02762
 0.02472
 0.06031
 0.00777
 0.004235
 0.01472
 0.03677
 0.0001045
 0.08326
 0.01452
 0.006895
 0.01196
  0.0135
 0.007512
 0.05399
 0.01468
 0.02764
 0.0007503
 0.002183
 0.00913
 0.0007831
 0.009563
 0.01069
 0.01346
 0.01164
 0.02197
 0.007387
 0.03243
 0.01037
 0.04901
 0.01982
 0.02354
 0.007237
 0.04496
 0.003821
 0.001719
 7.436e-005
 0.004459
 0.006168
 0.01378
 0.01099
 0.007204
 0.00738
 0.002667
 0.00198
 0.01923
 0.008779
 0.04137
 0.02611
 0.01675
 0.02195
 0.01167
 0.03012
 0.02047
 0.006407
 0.009487
  0.1101
 0.01227
 0.01574
 0.003017
 2.712e-005
 0.03607
 0.02702
 0.003562
 0.03683
 0.03671
 0.01758
 0.05011
 0.01612
 0.03967
 0.03419
 0.07501
 0.02595
 0.02219
  0.0295
 0.001463
 0.001392
 0.01294
 0.04928
 0.003442
  0.0631
  0.1453
 0.01134
 0.01323
 0.0004106
 0.01491
  0.0302
 0.02055
 0.02291
 0.07193
 0.00554
 0.02038
 0.02643
 0.06051
  0.0141
 0.06253
 0.04474
 0.03531
 0.004832
 0.01889
 0.009265
 0.03121
 0.01524
 0.00502
 0.01116
  0.0462
 0.02481
 0.001417
  0.0566
 0.003738
 0.02059
 0.003366
  0.0673
 0.01906
 0.01138
 0.006377
 0.00702
 0.007597
 0.06452
 0.001322
 0.0006182
 0.01346
  0.0113
 0.001689
 0.002823
 0.01569
 0.06191
 0.03821
 0.09284
 0.003038
 0.001995
 0.05696
 0.08759
 0.006126
 0.01157
 0.0003155
 0.001166
 0.006435
 0.003453
 0.04597
 0.005667
 0.07934
  0.0169
 0.02072
 0.006693
 0.02366
 0.02416
 0.01787
 0.002936
 0.006948
 0.03779
 0.01106
   0.017
 0.006898
 0.003139
 0.00567
 0.02601
 0.04469
 0.002529
    0.02
 0.02181
 0.001192
 0.005936
 0.02357
 0.05455
 0.01666
  0.0168
 0.002989
 0.003131
 0.001553
 0.00315
 0.008475
  0.0145
 0.004202
  0.0261
 0.01056
  0.0118
 0.01462
 0.006175
 0.004936
 0.001518
 0.02687
 0.01293
 0.01409
 0.03663
 0.02154
 0.01068
 0.05001
 0.001078
 0.006592
 0.0005948
 0.001614
 0.01179
 0.03945
  0.0263
  0.0206
 0.02721
 0.07402
  0.0605
 0.009326
 0.005068
 0.01738
 0.02432
 0.004144
 0.00655
 0.001603
 0.003233
 0.005264
 0.07836
 0.009243
 0.003453
 0.05551
 0.02027
 0.05437
  0.0413
 0.001837
 0.009028
 0.04143
 0.006261
 0.04168
 0.02029
 0.08897
 0.02528
 0.06988
 0.04019
 0.03559
 0.01599
 0.01714
 0.05809
 0.02987
 0.01936
  0.0138
 0.03481
 0.001545
 0.03981
 0.004612
 0.00142
 0.05176
 0.03976
 0.04411
 0.01087
 0.01508
 0.01059
 0.01506
 0.008909
 0.003479
 0.001483
 0.06097
 0.02243
 0.004891
 0.02704
 0.04624
 0.0002789
 0.007041
 0.004834
 0.001878
  0.0122
 0.00576
 0.02731
 0.006325
 0.001477
 0.005669
 0.01862
 0.007064
 0.01302
 0.03627
 0.02136
 0.004046
 0.01072
 0.000287
 0.04634
 0.003648
 0.006976
 0.006524
 0.001129
 0.02977
 0.02955
 0.02389
 0.002154
 0.04261
 0.007242
 0.06978
 0.03969
 0.02986
 0.02495
 0.01337
 0.01606
 0.004938
 0.02765
 0.01019
 0.00848
 0.01431
 0.02115
 0.02222
 0.05606
 0.01602
 0.02522
 0.003243
 0.002416
 0.04605
 0.03786
  0.0197
 0.007009
 0.03709
 0.002942
 0.04557
 0.002574
 0.01211
 0.01039
 0.03518
  0.1126
 0.02128
 0.03059
 0.01065
 0.02181
 0.006567
 0.006178
 0.03685
 0.02862
 0.002978
 0.006408
 0.01638
  0.0097
 0.001593
 0.004988
 0.007963
 0.02112
 0.0008236
 0.001461
 0.006959
 0.006208
 0.002963
 0.04674
 0.0008748
 0.001601
 0.02416
 0.01298
 0.02209
 0.02044
 0.008632
 0.03129
 0.03577
  0.0308
 0.001131
 0.02067
 0.03522
 0.003885
 0.004363
 0.004557
 0.02045
 0.04119
 0.01986
 0.01657
 0.0002279
 0.04454
 0.02763
 0.007328
 0.01391
 0.02988
 0.01582
 0.001475
   0.016
 0.003177
 0.02263
 0.00229
 0.01572
 0.006475
 0.01473
 0.03766
 0.04119
 0.02067
  0.0056
 0.01233
  0.1007
  0.0139
 0.03971
 0.01081
 0.01373
  0.0113
 0.007273
 0.001198
 0.00361
 0.05003
 0.01284
 0.003196
 0.0007592
 0.04613
 0.007399
 0.01167
  0.0127
 0.008332
 0.03807
 0.005749
  0.0045
 0.03075
 0.007154
   0.106
 0.01064
 0.05202
 0.001772
  0.0302
 0.03128
 0.003592
 0.04967
 0.05769
 0.01788
 0.003817
  0.0392
 0.02013
 0.02408
 0.01235
 0.009812
 0.008931
 0.02389
 0.05283
 0.01203
 0.01636
 0.05003
  0.0116
 0.01548
 0.003433
 0.01454
 0.009525
 0.02655
 0.002969
 0.01499
 0.004782
 0.03107
 0.001998
 0.05282
 0.001149
 0.003801
 0.03245
 0.02437
 0.005272
 0.003224
 0.02977
 0.04745
 0.03605
 0.03495
 0.03503
 0.02538
 0.006985
 0.005119
 0.02049
 0.01458
 0.05496
 0.008484
 0.007932
 0.05464
 0.01566
 0.004947
 0.08415
 0.05096
 0.05085
 0.07774
 0.006203
 0.03319
 0.01236
 0.05108
 0.05615
 0.009362
 0.02395
 0.01676
 0.01194
 0.04503
 0.04201
 0.02563
 0.01314
 0.005016
 0.01453
 0.01569
 0.01488
 0.03603
 0.06712
 0.01835
 0.01132
 0.04765
 0.07071
 0.05499
 0.08424
 0.009214
 0.005481
 0.002812
 0.01216
 0.06824
   0.145
 0.009116
 0.003659
 0.008003
 0.01647
  0.0132
 0.001237
 0.0005942
 0.04299
 0.001007
 0.00578
 0.02061
 0.002858
 0.01084
 0.01821
 0.03403
 0.005723
 0.03162
 0.006034
 0.007989
 0.01398
 0.006928
 0.006146
 0.003221
 0.001338
 8.626e-005
 0.001307
 0.01394
 0.01651
 0.001159
 0.002107
 0.05422
 0.02066
 0.02253
 0.009268
 0.009201
 0.01573
 0.005814
 0.08732
 0.003879
 0.02063
 0.01019
 0.02682
 0.005248
 0.0006041
 0.000361
  0.0212
 0.07391
 0.001316
 0.008883
 0.01664
  0.0132
 0.05618
 0.001758
 0.02215
 0.01476
 0.005721
 0.008061
 0.001949
 0.01908
 0.01556
  0.0299
 0.01195
 0.002164
 0.04357
 0.02343
 0.01051
 0.00466
 0.01168
 0.0002228
 0.005831
 0.002022
 0.0001892
 0.01019
  0.0117
 0.05591
 0.01825
 0.007203
 0.003981
 0.07453
 0.09703
 0.0003651
 0.06965
 0.01725
 0.00732
 0.02819
 0.003934
 0.007386
 0.01616
 0.02405
 0.01859
 0.08936
 0.004647
 0.001466
 0.000746
 0.02816
 0.02844
 0.004218
 0.03348
 0.002748
 0.006735
 0.01556
 0.00982
 0.001453
 0.0002495
 0.03547
