    68.5
   95.38
    85.5
   55.09
   56.28
   97.46
   17.45
   90.87
   97.44
   76.23
   43.34
   13.84
   96.17
   27.56
   40.49
    88.4
   62.46
   11.45
   58.17
   88.22
   14.42
   8.315
   35.86
   72.51
   64.48
   51.21
   73.51
   58.25
   45.67
   82.09
   57.78
   60.42
   57.83
   84.06
   24.29
   40.31
   93.91
   29.62
   59.85
    37.7
   34.19
   12.93
   20.77
   27.17
   8.523
   14.02
   79.04
   50.31
   22.62
   31.11
   72.63
   71.99
   44.26
   28.77
    51.7
   20.58
   89.57
   70.27
   88.88
   12.26
   33.25
   81.74
   89.53
   23.22
   62.85
   76.48
   61.95
    21.9
   28.99
   11.16
   19.65
   9.295
   83.65
   10.14
   67.62
   59.16
   30.37
   37.64
   28.52
   82.27
   54.53
   30.06
   81.03
   50.69
   73.62
   28.18
   17.99
   37.98
   99.44
   33.42
   68.73
    75.5
   48.38
   48.12
   65.28
   8.621
   11.68
   23.76
   80.63
   88.99
   65.66
   85.21
   54.98
   94.78
   81.96
      19
      66
   14.93
   89.82
   49.55
   47.06
    89.4
   86.32
   51.45
   57.51
   21.45
   30.62
   49.65
   92.88
   29.83
   22.22
   75.77
   79.18
   61.08
   19.19
   24.34
   51.14
   13.76
   16.46
   61.03
   54.44
    54.7
   40.03
   18.88
   47.96
   15.27
   49.24
   82.63
   82.05
    75.6
   23.01
   92.88
   16.78
   68.83
   46.11
   46.38
   68.18
   73.39
   27.39
   44.31
   66.48
   85.25
   62.03
   56.46
   94.36
   58.12
    57.8
   53.54
   21.25
   35.75
    97.3
   47.41
   49.51
   8.164
   64.23
   39.31
   64.71
   43.91
   97.61
   60.16
   89.89
   54.29
   34.06
   26.74
   95.81
   17.67
   46.03
      58
   87.18
   19.65
   84.05
   55.29
   96.91
   17.38
      55
   18.61
    88.4
   63.75
   92.32
   86.84
   41.73
   71.73
   90.32
   26.04
   39.96
    38.5
   66.38
   97.63
   79.36
    85.8
    63.2
    86.7
   63.65
   40.15
    51.1
   78.26
   74.27
   25.06
    14.2
   37.41
   88.62
   41.34
   36.73
   33.71
   66.31
   99.32
   21.25
   97.34
   35.41
   75.11
    50.9
   75.36
    86.7
   26.81
   15.67
   40.02
   91.92
   50.83
   66.61
   52.94
   66.03
   46.09
   58.14
    21.4
   69.44
   30.28
   94.24
   14.56
   18.28
   88.12
   62.74
   27.76
   46.63
   43.59
   89.55
   22.71
   40.79
   52.23
   72.91
   59.78
   93.52
    89.3
   45.65
   62.24
   38.29
   82.12
   77.45
    40.5
   87.52
   42.28
   85.05
   40.39
   90.86
   13.88
   10.55
   91.36
   81.41
   21.81
   91.63
   62.78
   85.98
   19.97
   27.79
   72.15
   27.34
   23.53
   78.63
   65.39
   86.49
    57.2
    46.1
   41.05
   52.86
   11.46
    96.7
   90.58
   54.62
   50.79
   19.79
    70.6
   92.88
   9.982
   49.82
   11.09
   35.96
   78.32
   32.56
   63.72
   73.66
   11.87
   63.37
   82.04
   67.48
   93.74
   21.46
   29.73
   96.88
   70.28
   24.11
   20.89
   85.53
   19.38
   52.95
   84.28
   71.56
   22.71
   40.17
   19.53
   17.82
   21.94
   46.82
   81.43
   82.12
   43.05
   73.04
   8.177
   59.46
   52.52
   52.28
   73.61
   20.33
   89.59
    29.6
   23.45
   28.91
   30.55
   63.89
    35.6
   45.36
   88.96
   38.11
   24.34
   12.02
   27.88
   21.58
   48.59
   31.73
   28.17
   80.19
    76.2
   86.02
    84.7
   86.67
   24.13
   29.37
   46.63
   82.84
   74.77
   43.48
   25.61
   89.85
   72.13
   79.54
   68.09
   10.44
   22.15
    36.4
   11.54
   83.19
    40.9
   30.91
    76.7
   48.75
   26.85
   24.11
   79.83
   64.12
   69.12
   91.51
   24.98
   52.88
   27.72
   49.33
    52.2
   67.46
   33.82
   92.75
   17.82
   99.35
   69.98
   54.16
   86.71
   73.39
   10.43
   41.41
   36.49
   26.02
   29.27
   64.07
   33.82
   99.49
   88.76
   27.66
   30.63
   76.15
   71.56
   95.91
   80.36
   16.69
   96.97
   41.01
   10.25
   70.37
   9.208
   65.89
   13.54
   9.306
   61.62
   62.39
   45.76
   50.68
   36.96
   65.61
   48.94
   23.03
   23.63
   64.08
   83.92
   96.46
   87.92
   86.05
   94.52
   40.92
   38.29
   9.726
   39.86
   48.45
   17.58
   17.54
   26.59
   83.42
   83.29
   38.37
   73.12
   60.79
    63.8
   17.81
   57.88
   24.35
   58.66
   96.42
   35.57
   48.97
   18.81
   51.96
   93.45
   50.88
   62.84
   29.66
    23.5
   57.88
   57.23
   76.45
   98.76
    19.6
   24.62
   43.24
   9.534
   77.76
   92.05
   39.14
   99.65
   8.433
   71.18
   57.71
    26.7
   44.25
   50.62
   63.23
   90.31
    40.7
   68.07
   76.96
   76.38
   22.34
   58.67
   79.34
   33.34
   85.08
    79.2
   96.28
   36.36
   22.41
   72.33
   9.416
   43.67
   55.66
   90.89
   10.33
   28.77
   92.22
   62.08
   42.82
   20.65
   87.85
   11.79
   73.14
   52.12
   40.89
   12.78
   84.27
   15.98
   78.49
   40.97
   70.13
   73.32
   82.92
   15.66
   29.86
   49.74
   53.76
   23.84
   54.07
   27.62
   10.18
   84.35
   43.06
   18.38
   77.21
    96.2
   69.12
   94.68
   19.94
   62.81
   94.72
   62.73
   65.81
   40.23
   58.81
   54.51
   70.82
   85.42
   55.05
   16.01
   65.85
   20.48
   50.06
    23.5
   66.82
   24.91
   61.66
   47.78
   69.02
   31.87
   61.14
   86.42
   41.32
   44.39
   59.51
   20.01
    12.4
   83.69
   9.723
   20.41
   65.06
   45.36
   76.95
   39.02
   54.42
   15.63
   80.83
   30.99
   62.18
   35.66
    41.7
   87.52
   22.89
   49.73
   82.87
   16.05
   86.18
   37.54
   56.86
   24.59
   59.01
   54.41
   91.64
   25.87
   43.93
    87.6
   32.89
   45.68
   65.34
   96.48
   82.28
   79.07
   63.69
   52.84
   55.65
   38.63
   73.81
   73.11
   21.33
   70.69
   35.09
   90.62
   18.35
   43.63
   61.75
   79.85
    50.7
   48.11
   69.12
   96.67
   81.58
   69.28
   43.84
   42.61
   27.67
   27.09
   38.16
    73.1
   29.33
   92.52
   72.15
    85.7
    76.9
   83.79
   35.97
    36.4
   96.93
   58.68
   52.11
    71.8
   38.43
   78.72
   9.666
   17.43
   51.11
   65.48
   18.55
   61.95
   19.66
   24.78
   35.76
   61.43
   17.96
   86.98
   43.64
   39.58
   27.37
   87.22
   44.12
   44.01
   22.95
   65.65
   52.96
   94.48
   59.72
    31.7
   94.01
   39.15
   82.93
   96.32
   9.446
   54.83
   14.26
   52.23
   98.04
   43.22
   22.12
   58.18
   97.41
   39.17
   55.87
    35.2
   98.23
   66.95
   24.11
   74.83
   78.54
   88.44
   64.86
   19.38
   81.95
   43.45
   79.87
   54.21
    27.9
   73.93
   96.87
   11.92
   73.94
   12.22
   79.76
   56.65
   57.94
   65.31
   14.94
   80.32
   44.35
    27.1
   89.49
   18.87
   42.46
   54.63
   41.48
   76.49
   92.66
   64.34
   74.16
   29.93
   76.66
   48.32
   22.26
    96.7
   79.76
   22.56
   82.23
   55.31
   17.09
   67.18
   70.46
   21.57
   87.89
   90.72
   61.56
   28.81
   33.71
   54.37
    14.6
   68.14
    52.7
   12.21
   43.36
   36.66
   57.82
   59.46
   42.59
   53.79
   39.16
   96.75
   50.23
   41.43
   58.12
   54.35
   57.71
   40.29
   57.68
   24.45
   96.14
   66.07
   40.66
   25.36
   46.62
   57.78
   63.99
    41.8
   94.44
   9.925
   48.89
   65.15
   79.36
   12.79
   51.22
   41.67
   41.85
   16.69
   71.63
   96.77
   33.33
    56.2
   49.88
   23.28
   18.46
   14.44
   43.05
   57.65
   53.32
   31.28
   35.83
   92.25
   95.74
   83.64
   26.73
   83.59
   91.48
   25.68
   22.35
   92.57
   60.54
   89.11
   31.61
   48.76
   91.35
   95.41
   60.04
    66.6
   59.08
   48.07
      12
    25.7
   79.84
   80.86
   52.92
   71.07
   44.95
   38.09
   51.58
   9.351
   75.22
   66.81
   34.35
   85.09
   55.14
   13.12
   87.43
       9
   87.16
   14.39
    75.1
   10.16
   25.97
    79.5
   93.98
   48.32
   24.69
   37.12
   99.29
   38.13
   69.18
   35.93
   83.05
   73.37
   64.23
    32.9
   68.41
   99.24
   11.85
    17.5
   11.83
   44.57
   97.54
   51.99
   73.36
    46.1
   40.47
   35.65
   58.88
   28.71
   99.79
   21.03
   58.37
   21.69
   56.87
   70.21
   72.14
   14.97
   37.52
   19.05
   97.08
   91.39
   46.27
    69.4
   28.92
   98.91
   52.62
   93.43
   24.49
   58.91
   77.28
   41.79
   35.92
   22.43
    94.4
   75.94
   80.97
   18.39
   25.85
   56.34
    53.2
   93.85
   11.49
   42.73
   84.28
   78.29
   35.35
   58.38
    78.2
   83.83
   11.94
   38.31
   73.54
   85.49
   56.48
    53.6
   53.73
   53.43
   19.16
   75.58
   33.27
   85.22
   31.35
    16.1
   51.99
   78.07
   39.92
    43.8
   77.32
   45.09
   77.42
   72.33
   90.53
   63.54
   72.39
   76.62
   80.96
   39.08
   27.55
   41.12
    40.3
   22.02
   14.09
   92.05
   48.81
   63.57
   73.94
   77.66
   85.61
   72.07
   29.95
   68.48
   22.87
   37.28
    32.2
   29.55
   80.15
    70.6
   92.23
   44.69
   82.53
   77.32
    77.3
   80.74
   98.98
   72.91
    72.6
   27.82
   68.53
   39.19
   99.58
   15.56
   70.55
   56.68
    18.1
   85.38
      43
   68.75
   72.76
   46.71
   52.67
   13.95
   59.12
   69.26
   13.44
   50.22
   53.95
   79.27
   48.52
   43.15
   41.46
   75.74
   24.73
   66.22
    91.6
    78.7
   98.68
   73.08
   78.27
   77.45
   67.12
   29.75
   41.57
   70.82
   97.09
   46.91
   90.08
   15.42
   76.23
   52.15
   27.08
   49.85
   67.04
   14.19
   80.81
   75.03
   25.08
   75.16
   70.72
   70.37
   69.25
