   7.774
   8.005
   7.562
   9.864
   9.974
   7.759
   8.563
   8.599
   6.871
   8.669
   7.717
   9.874
    5.76
   8.008
   5.855
   5.559
   9.682
   6.539
   8.156
   5.854
   7.122
   5.698
   8.831
   6.478
   6.691
   9.779
   5.811
   5.851
   6.814
    8.13
   5.437
    7.29
   5.417
   7.331
   7.145
    6.19
   9.616
   8.389
   8.152
   7.213
   5.406
   8.919
    8.15
   6.477
   7.344
   5.339
   8.985
   8.743
    8.24
   5.049
   9.352
   9.601
   8.842
   8.626
   9.477
   7.659
   7.528
   7.007
   5.807
   6.731
   9.987
   8.677
   5.698
   8.022
   8.912
    6.86
   7.102
   7.318
   8.686
   6.702
   8.253
   7.173
   5.067
   7.459
   7.356
   9.094
   9.879
   9.689
   7.275
   5.734
   5.697
   7.434
   5.219
   8.072
   5.535
    5.41
    7.43
   7.609
   7.537
   6.195
   8.872
   8.547
   9.657
   7.416
   7.915
   9.983
   9.354
   8.937
   6.027
   8.094
   8.276
   5.043
   7.458
   8.323
   6.948
   6.632
   8.928
   7.569
   9.458
   8.403
   9.318
   6.375
   8.147
   6.037
   9.351
   6.112
   8.296
   8.393
   6.285
    6.17
   7.812
   9.688
     8.6
   6.142
   6.918
   6.691
   5.682
   8.016
   7.836
   5.904
   7.514
   8.359
   9.481
   5.754
   9.361
   5.506
   7.142
   8.782
   6.461
   6.745
   7.174
   8.824
   8.707
   5.511
   6.684
   8.204
   5.341
   8.564
   8.218
   9.919
   9.636
   8.186
   9.449
    9.83
   8.585
    9.36
   7.864
   8.844
   7.593
   6.965
   5.452
   5.105
   5.156
   7.959
   8.394
   6.181
   7.557
   8.566
   6.744
   6.252
   8.547
   6.467
   9.123
   8.295
   9.037
   7.985
   7.402
   6.276
   6.784
   5.272
   6.395
   7.333
   6.075
   8.501
   8.539
   8.964
   7.421
   8.045
   8.588
    6.22
   7.241
   6.674
   8.296
   8.885
   7.547
   6.736
   6.109
   8.667
   5.638
   7.347
   6.847
   6.386
   8.781
   6.577
   6.396
   9.162
   8.902
    8.64
   6.395
   7.599
   7.272
    6.08
   8.921
   7.976
   9.197
   6.958
   6.178
   9.435
   8.701
   7.041
   5.184
   6.163
    8.22
   6.987
   7.461
   9.586
   8.282
   9.535
   8.719
   5.555
   7.199
   6.692
   8.544
   6.528
   5.756
   6.919
   5.089
   8.767
   6.894
   7.321
   9.756
   9.515
     5.4
   5.831
   6.889
   9.195
   7.595
   8.403
   8.458
   8.585
    6.02
   6.191
   8.747
   6.016
   9.124
   7.747
   9.041
   9.554
   5.952
     6.2
   7.319
   9.189
   5.834
   6.446
    7.93
   9.022
   8.067
   7.338
   6.294
   9.454
   6.608
   8.871
   8.579
    9.37
   9.762
    9.37
   6.394
   8.331
   9.864
   7.677
   6.474
   8.758
    7.97
    5.34
   5.369
   8.123
   8.547
   8.798
   9.131
   6.131
   9.154
   6.573
   8.001
   6.913
   5.135
   6.452
   6.099
   6.211
   9.306
   7.677
   6.106
   8.566
   6.638
   8.134
   8.958
   9.505
   8.951
   6.539
   8.528
   7.729
   9.597
   9.625
   6.318
   7.299
   8.147
    9.33
   6.144
   9.827
   5.082
   9.984
   8.823
   6.661
   6.479
   5.499
   6.861
   6.071
   8.698
   6.553
   9.144
    5.44
   8.067
    7.78
   5.619
   8.449
   5.577
   9.954
   6.986
   7.266
   6.561
   7.184
   9.387
   9.732
   5.387
   9.091
   9.086
   6.551
   5.142
   8.006
   7.167
   8.474
   7.323
   6.149
   9.211
   8.488
   6.522
   7.822
   9.991
   9.006
   5.114
   6.595
   8.158
   9.051
   7.945
    7.49
   5.925
   6.445
    7.02
   9.175
   8.758
   9.996
   6.186
   6.146
   5.062
   6.685
   5.829
   5.919
   5.871
   8.858
   7.551
   6.211
    9.53
   6.405
   8.865
   7.136
   6.389
   8.956
   7.877
   8.386
   8.486
   8.063
    7.98
   6.419
   9.236
   9.389
   7.534
   6.651
   8.119
   9.898
   9.558
    5.64
   5.367
   5.038
    6.42
   8.271
   6.649
   5.932
   9.516
   9.951
   7.766
   6.563
   8.967
    8.79
   9.328
   5.966
     8.3
    7.79
   6.452
   5.409
   9.138
   7.033
   8.439
   5.584
   5.887
   5.871
   8.472
   8.798
   5.426
   5.108
   8.295
   6.152
   6.788
   9.192
   7.906
   9.736
   5.855
   8.402
   5.241
   9.814
   5.042
   6.033
   5.865
   7.011
   7.984
   5.585
   7.655
   9.499
   9.222
   7.953
   5.492
   5.189
   8.897
   8.608
   5.944
   8.915
   7.431
   9.793
   6.958
    9.62
   5.215
   7.703
   7.546
   7.551
   7.302
   9.677
    7.47
   6.435
   8.087
   6.383
   6.932
   5.678
   6.001
   9.007
   6.262
   7.545
   8.195
   6.442
   5.604
   9.349
   5.226
    7.47
   9.603
   5.642
    5.75
   7.955
   7.094
   5.397
   6.204
    8.03
    5.79
   9.201
   5.496
   9.281
   6.966
   6.438
   9.694
   6.937
   5.152
   7.478
   6.709
   7.057
   7.816
   5.866
   5.987
   8.718
   5.051
   5.508
   8.194
   6.202
   9.269
   7.859
   9.904
   6.184
   9.879
    9.11
   8.289
   9.918
   7.984
   7.376
     5.8
   5.426
    6.06
   9.883
   9.862
   9.685
   7.649
   5.157
   7.557
   5.816
   7.046
   5.208
   5.314
   5.268
   8.985
   7.722
   8.592
   5.009
   8.326
   8.245
   6.575
   9.711
   9.744
   7.373
   6.852
   8.939
   7.415
   7.938
   5.108
   9.339
   9.707
   7.195
   9.813
   6.823
   8.862
   9.011
   6.907
   8.759
   5.689
   6.052
   9.486
   6.158
   9.247
   6.969
   7.496
   5.861
   6.535
    8.59
   7.412
   7.724
    7.18
     8.1
   6.932
   6.812
   8.121
   5.235
   9.661
   5.579
   8.303
   9.469
   9.802
   6.063
   8.356
   7.198
   6.837
   7.066
    5.29
   8.928
   5.224
   6.348
   7.179
   6.467
   9.075
   7.808
   7.846
   5.106
   6.849
   8.678
   6.558
   5.813
   6.039
   6.706
   7.706
   7.415
   7.858
   7.348
   5.497
   8.789
   6.927
   5.948
   8.638
   6.048
   5.963
   9.934
   5.027
   9.728
   5.466
   5.999
   6.439
   6.978
   8.408
   7.293
   8.213
   8.745
   9.917
   5.607
   8.939
   6.962
   6.967
   8.563
   5.149
   6.736
   8.068
     6.8
       6
   8.535
   7.948
   6.164
   7.963
   5.378
   7.243
    9.89
   9.512
   5.016
   7.186
   5.795
   5.812
   7.129
   9.294
   8.465
   8.401
   5.505
   5.052
    6.44
   9.884
    5.23
   5.605
   9.401
   8.619
    9.88
   6.444
   5.361
   8.401
   8.701
   7.092
    7.85
   8.153
   8.804
   5.794
   8.103
   6.614
   7.345
   9.202
   7.247
   7.021
    8.72
   7.065
   8.491
   6.804
   6.745
   6.913
   9.309
    7.27
   6.852
   8.749
   8.632
   8.288
   8.266
   9.734
   9.033
    7.98
   6.204
   8.873
   8.915
   7.408
   9.054
   6.705
   9.698
   5.262
   5.565
   9.991
   8.008
   7.543
   7.036
   6.399
   7.864
   7.257
   9.501
   9.192
   7.864
   9.099
    5.92
   6.918
   8.373
    9.14
   8.363
   8.094
   8.713
   9.516
   5.197
   5.897
   9.346
   8.115
   8.279
   7.848
   9.068
   8.264
   5.137
   5.501
   7.189
   8.418
   6.162
   9.133
   5.725
   6.844
   6.793
   7.427
   6.585
   6.315
   9.705
   7.163
   8.758
    8.79
   6.998
   7.903
   5.501
   5.105
   7.382
   6.681
   6.526
   9.664
   8.366
   7.688
   5.186
   5.119
   8.448
   6.962
   5.665
   7.062
   9.295
   7.073
   5.166
   8.715
   7.939
   6.813
   6.096
   5.612
    8.96
    5.88
   8.253
   5.288
   6.675
    9.57
   6.019
   6.969
   7.321
   8.461
   5.538
   6.259
   6.253
   8.103
   6.915
   9.824
   5.118
   8.701
   6.394
   5.084
   9.054
    9.81
   8.549
   9.897
   8.871
   5.016
   8.474
   7.249
    8.24
   6.625
   8.965
   9.939
   5.882
   5.352
   7.713
    5.27
   7.753
   5.008
   9.488
   9.732
   9.235
   7.187
   8.328
   8.695
   7.319
   5.953
   9.725
   6.092
   7.795
    7.53
   7.815
   9.106
   7.441
   9.986
   7.564
   7.862
   6.208
   7.922
   6.955
   5.111
   9.408
   7.162
   9.176
   5.919
   9.901
   9.436
   9.807
   7.354
   5.286
   7.069
    9.01
   8.172
   5.082
   7.673
   8.712
   8.508
   7.924
   8.826
   9.798
   9.559
   8.742
   7.768
   9.294
   8.276
   5.954
   6.082
   7.554
    7.05
   8.651
   9.387
   5.454
   8.397
   8.787
   7.019
   6.573
   9.647
   8.362
   6.726
    9.38
   7.635
   6.615
   9.349
   9.429
   8.382
   7.207
   8.514
   6.537
    6.79
   5.413
   5.315
   6.979
    6.32
   5.303
   8.009
   5.672
   8.691
   6.936
   6.694
   8.363
   8.556
   8.544
   8.002
   8.815
   8.199
    8.72
   9.789
   5.999
   7.216
   8.608
   5.816
   6.275
   7.206
   9.085
    5.44
   5.588
   6.457
   7.953
   8.303
   6.645
   9.635
   7.128
   9.015
   6.111
    7.47
    9.82
   6.847
   6.795
   6.442
    7.73
   5.413
   9.833
   8.473
   8.229
   7.363
   6.881
   5.611
   6.553
   9.066
   7.298
   9.719
   7.983
     5.3
   5.337
   7.161
   5.039
   8.937
   7.331
    8.49
   9.664
   5.634
   8.879
   8.138
   5.413
   8.518
   7.039
   9.101
   9.639
   7.875
   7.506
   7.624
    5.68
   5.835
    6.81
   7.895
   5.052
   6.063
   9.496
   6.728
   9.627
   8.444
   5.314
   8.251
   8.831
   8.771
   6.408
   8.593
   6.822
   8.433
   9.502
   5.575
   9.684
   9.101
   8.085
   8.393
   7.613
   7.419
   9.605
   7.307
   7.102
   9.688
   7.649
    8.33
   8.131
   6.553
   9.136
   7.916
   6.355
   7.696
   6.503
   7.643
   5.288
   6.517
   9.891
   8.905
   8.495
   9.824
   9.333
   7.597
   6.776
   7.521
   6.944
   8.805
   5.356
   7.298
   9.105
   6.491
