  0.4887
  0.1333
 0.006917
 0.01748
  0.0261
 0.03617
 0.04495
  0.1718
 0.05807
 0.07809
 0.09732
 0.03602
 0.09545
 0.02372
  0.8017
  0.3521
  0.1032
  0.2844
 0.07167
 0.02854
 0.03189
  0.1724
 0.03167
 0.08122
 0.07223
 0.04829
 0.07862
 0.07958
   0.276
 0.05254
 0.03525
  0.6226
   0.103
  0.3601
 0.04345
  0.1511
 0.08085
 0.08332
  0.1327
  0.2742
  0.3537
  0.2472
  0.2069
   0.361
  0.1284
  0.0459
  0.3121
  0.0794
 0.05779
  0.2819
  0.2097
  0.1847
  0.1149
  0.3578
  0.2481
   0.128
  0.6318
  0.2346
 0.04409
  0.2094
 0.01618
 0.04467
  0.0211
  0.1047
  0.2724
 0.03269
 0.07015
 0.02362
  0.2235
 0.009431
  0.2374
  0.2016
 0.04596
  0.1204
 0.04255
 0.07797
 0.09906
  0.4831
  0.1842
 0.02084
 0.07041
 0.006466
 0.02667
 0.04513
  0.2929
 0.07194
  0.4091
  0.4504
  0.2439
   0.336
  0.1074
  0.3325
 0.01326
  0.1374
  0.1778
  0.2069
  0.2375
  0.5453
  0.1818
  0.2238
  0.7414
   0.207
 0.02685
 0.07401
 0.02863
 0.02302
 0.05161
  0.1954
  0.5002
  0.2496
   0.225
 0.02244
 0.08444
 0.002782
  0.4362
  0.3693
  0.4785
  0.1438
  0.3447
  0.1559
  0.1177
 0.02081
 0.08095
  0.3238
  0.1302
   0.253
 0.01446
  0.2253
 0.01869
  0.2434
  0.1065
 0.09887
  0.4115
  0.3724
   1.094
  0.2756
 0.08848
 0.02676
 0.02042
  0.3361
  0.2904
 0.05164
 0.07008
 0.09532
 0.04421
 0.05534
 0.06785
  0.1809
  0.1643
 0.01702
   0.453
   0.149
  0.5965
 0.006495
 0.04644
   0.215
 0.05269
 0.09206
  0.1907
  0.1478
  0.1638
  0.0226
 0.008394
 0.05691
 0.05962
 0.02356
  0.1486
 0.01451
  0.2558
 0.01821
 0.009166
  0.4539
  0.3198
  0.4874
  0.2363
 0.01345
  0.1668
 0.07627
  0.1756
  0.1455
  0.1795
 0.09623
 0.07877
  0.4103
  0.4895
 0.02918
 0.06711
  0.1153
 0.007529
 0.00395
  0.2196
 0.05543
 0.01757
  0.1407
   0.188
 0.05838
  0.4334
  0.5321
 0.03806
 0.04012
 0.009777
  0.1244
 0.07496
  0.4296
  0.2826
 0.07109
 0.05138
 0.01447
  0.0788
  0.2698
 0.02889
  0.1912
  0.2879
   0.024
  0.1099
  0.1569
 0.03976
 0.002652
  0.4453
 0.03972
  0.1716
 0.01926
  0.1213
  0.3243
 0.06185
  0.1653
   0.168
  0.1147
  0.1413
  0.3933
 0.02176
  0.0439
 0.001746
  0.4886
 0.06492
  0.3366
  0.1142
 8.046e-005
 0.02656
  0.1102
  0.0474
 0.02089
 0.02493
  0.8528
  0.3782
   0.209
  0.1271
  0.2051
  0.1328
 0.02417
 0.06492
  0.3736
  0.3144
 0.03987
 0.06344
 0.06971
 0.006272
     0.3
  0.0385
  0.4345
 0.003317
  0.1165
  0.1639
 0.03056
 0.09256
  0.3791
 0.04057
  0.2643
  0.1862
 0.09584
  0.1925
 0.06194
 0.004372
   0.312
  0.3427
  0.1324
  0.1816
  0.2073
   0.277
 0.04566
  0.2239
 0.008461
  0.2585
  0.1429
 0.09721
  0.3345
 0.08864
  0.2437
 0.01068
  0.2113
  0.1855
  0.1583
 0.008744
 0.05529
  0.9277
 0.009089
 0.01488
  0.3986
 0.06518
   0.224
  0.0229
  0.0349
 0.02894
  0.1504
  0.1132
  0.1217
  0.1701
 0.07856
  0.3918
   0.178
  0.1503
 0.04502
   0.138
 0.05721
  0.1562
 0.05694
  0.0382
  0.1522
 0.01497
 0.03061
 0.03039
  0.2783
 0.06229
  0.1485
 0.09877
  0.2486
  0.1203
  0.4198
  0.2445
  0.1196
  0.4358
  0.2184
  0.1721
  0.2575
  0.3185
 0.07626
  0.0938
  0.1824
   0.214
  0.1185
 0.08542
 0.01385
 0.03035
  0.2184
  0.2702
 0.08221
 0.01112
 0.01137
  0.4174
  0.4799
  0.1604
  0.1413
 0.02359
  0.1728
 0.08756
  0.3631
  0.7522
  0.1196
  0.1031
  0.2665
 0.05007
 0.04551
 0.06104
  0.2683
 9.617e-005
   0.239
 0.007519
  0.1797
  0.1608
  0.2846
 0.08615
  0.6354
  0.4526
    0.12
  0.2755
   0.232
  0.0454
  0.3496
 0.09612
  0.4596
  0.0753
 0.09419
 0.05715
 0.001818
   0.224
  0.2318
 0.04643
  0.1279
  0.1021
 0.004222
 0.02105
   0.212
 0.06846
  0.1615
  0.2274
  0.6475
  0.6495
  0.1727
 0.002823
  0.1167
  0.3057
  0.1187
  0.5468
  0.2809
 0.05577
  0.1117
  0.2696
 0.06716
  0.1761
   0.056
 0.001771
  0.4495
 0.06472
  0.1502
 0.08069
  0.1213
  0.2448
  0.1797
 0.01692
  0.1399
  0.1682
  0.3106
  0.2432
  0.2099
  0.2544
 0.03473
  0.1229
 0.05941
 0.07504
  0.5775
 0.008788
  0.4426
  0.3471
 0.05221
  0.1903
 0.008581
 0.04442
   0.128
 0.09277
  0.1162
   0.291
 0.02612
  0.0108
 0.01484
  0.1424
  0.5423
 0.03302
 0.02149
 0.0007917
  0.3888
 0.04797
 0.00248
 0.06004
  0.1166
  0.1949
  0.2843
 0.07924
  0.1067
  0.4192
  0.2621
  0.4438
 0.05091
 0.09341
   0.582
  0.1174
   0.165
  0.3053
  0.2097
  0.1383
 0.03462
  0.5613
   0.058
  0.1291
  0.7311
  0.3479
 0.09243
  0.3882
 0.01131
  0.5344
  0.3211
 0.04257
 0.001953
  0.7012
   0.396
 0.04582
  0.1261
 0.03012
 0.009896
  0.3924
 0.0009797
 0.04108
  0.1118
   0.104
 0.01032
 0.09403
   0.177
  0.1196
 0.02114
  0.2128
  0.3082
 0.009437
  0.6095
  0.2001
  0.2235
  0.1423
 0.07029
  0.2192
  0.7032
 0.01529
 0.09599
 0.0007107
  0.2299
 0.03994
  0.1214
  0.1457
 0.05391
 0.04365
  0.1025
  0.1079
  0.1043
 0.02592
 0.06394
  0.2011
 0.09065
  0.2281
  0.3685
 0.06898
 0.002541
  0.1879
 0.05298
   0.155
  0.1034
  0.1119
 0.09288
  0.3982
  0.3362
  0.2076
  0.2283
  0.4029
  0.2643
  0.4026
  0.1566
  0.1508
  0.2992
  0.2304
  0.5021
 0.06535
 0.02784
 0.009217
  0.2855
  0.3911
 0.01255
  0.3486
  0.4754
  0.1737
  0.1597
  0.1352
 0.05605
 0.09472
 0.01451
  0.2517
  0.1609
  0.2482
   0.155
  0.1736
 0.01351
  0.3463
  0.2067
   0.221
  0.2147
  0.1979
  0.3632
 0.02769
 0.01961
 0.00232
 0.02563
  0.1588
  0.3094
  0.1126
  0.1409
  0.1128
 0.02579
  0.2182
  0.4024
  0.3588
 0.08741
 0.06906
 0.01952
  0.1876
    0.25
  0.9334
  0.3683
  0.1536
  0.1958
  0.1187
 0.06032
 0.06195
  0.1019
  0.3531
 0.05967
 0.09141
  0.2771
 0.07573
 0.05739
  0.1511
  0.1073
  0.1298
  0.2037
  0.1487
  0.2166
  0.0755
  0.1362
 0.06568
   0.543
 0.04457
 0.001797
    0.49
 0.04736
 0.009951
  0.4508
  0.3631
  0.3764
 0.06147
  0.1049
  0.4352
 0.003228
 0.01593
  0.1479
 0.05024
 0.01702
 0.03813
  0.1842
  0.1355
  0.1278
 0.03776
 0.006782
 0.003493
 0.04378
  0.1022
  0.1346
  0.1022
 0.02375
 0.04251
 0.02664
 0.06843
  0.2729
  0.2005
 0.08631
  0.3137
  0.7902
 0.01474
 0.02045
  0.5868
 0.03158
  0.1756
  0.3108
  0.1271
 0.02413
  0.2694
  0.1124
 0.05424
  0.1252
 0.02324
  0.3115
  0.4181
 0.09398
  0.1119
 0.02982
 0.03898
  0.4045
 0.00803
  0.2117
   1.317
  0.1492
 0.07306
 0.07711
 0.06091
 0.03854
 0.08688
 0.02174
 0.07617
 0.03127
   0.201
  0.1946
   0.205
 0.02506
 0.06087
 0.009497
  0.0381
  0.1403
  0.4231
 0.007052
 0.02598
 0.05518
  0.4635
   0.331
 0.05708
 0.004731
  0.1172
  0.1976
  0.4707
 0.00816
  0.1478
  0.0441
  0.8949
  0.1676
 0.005912
 0.04962
 0.002542
  0.1983
  0.1683
  0.0364
 0.05608
 0.06381
 0.03451
  0.1922
  0.3533
 0.06616
  0.1345
 0.02309
  0.2123
    0.32
  0.2192
 0.05301
  0.1708
   0.367
  0.4001
  0.2319
  0.1002
  0.3251
  0.1266
  0.1812
   1.067
 0.03117
 0.07516
 0.02226
 0.04286
  0.2623
  0.1317
  0.3057
 0.04684
   0.272
  0.1844
  0.1784
  0.0812
  0.5516
  0.2907
 0.02387
 0.05209
   0.052
  0.1878
 0.01724
  0.3307
  0.1219
  0.1203
  0.0403
  0.1329
  0.3564
 0.06559
  0.1304
 0.03413
  0.1001
  0.3179
 0.01762
 0.02962
   0.278
  0.1763
 0.09312
  0.1074
  0.1519
  0.0311
 0.02708
  0.2501
 0.01101
  0.2585
  0.1282
   0.099
  0.1696
  0.3778
 0.01161
   0.177
  0.1129
  0.5126
  0.8347
 0.08861
 0.01698
   0.133
  0.3832
  0.1752
  0.2611
   0.105
 0.05195
 0.05279
 0.06943
  0.2275
 0.006494
 0.04043
  0.1159
  0.2239
 0.03164
   0.123
  0.1452
 0.03475
 0.04094
 0.08305
 0.000904
 0.05323
  0.3342
 0.04875
  0.3459
  0.1908
  0.1213
  0.2847
  0.1261
  0.1841
  0.3115
  0.0273
 0.02103
 0.02136
 0.07395
  0.2155
 0.02668
  0.1597
  0.5292
  0.1129
 0.009668
  0.1131
  0.1181
  0.4614
  0.2461
  0.3883
 0.08259
 0.02667
 0.05344
  0.3552
 0.01302
  0.3432
 0.02909
 0.08699
  0.1874
  0.1462
 0.03774
  0.1035
  0.1203
  0.1306
  0.4119
 0.01783
  0.1935
  0.3275
 0.02041
  0.1177
  0.1622
  0.1353
  0.1101
 0.009266
  0.1726
  0.1647
 0.02317
 0.07879
  0.1295
 0.01936
 0.02782
 0.09226
 0.01996
 0.02411
 0.03881
  0.1261
  0.2331
   1.065
 0.01021
  0.1055
  0.9664
 0.04156
 0.02791
  0.1224
 0.01565
  0.1565
  0.0326
  0.1272
  0.1323
 0.06427
  0.1605
  0.7623
  0.2134
  0.4265
 0.06656
 0.01056
  0.0743
  0.1028
 0.01613
  0.1889
 0.03038
  0.1202
 0.03282
  0.1476
 0.07715
 0.05096
  0.4069
 0.09024
 0.05545
  0.1336
 0.04452
  0.2255
  0.3302
   0.482
 0.05028
 0.02432
 0.05358
  0.2658
  0.3144
 0.04721
  0.1027
  0.0625
 0.02877
  0.3175
   0.195
  0.1557
 0.04064
  0.4203
 0.02383
  0.2455
  0.1074
   0.189
 0.09035
  0.4461
 0.07912
  0.1854
 0.03614
 0.06316
  0.4237
  0.2897
  0.1985
  0.0625
 0.04065
  0.1175
 0.05989
  0.1283
 0.008994
  0.1488
 0.01778
  0.3662
  0.1024
  0.1228
   0.101
  0.1609
 0.05192
 0.07761
  0.1354
 0.08257
  0.1879
  0.4016
  0.9674
 0.06936
  0.2762
  0.1789
 0.06599
 0.02568
 0.05536
  0.5262
  0.1601
 0.01243
  0.2407
 0.005166
 0.003985
 0.01097
  0.1282
 0.007297
 0.07115
  0.2516
 0.01064
 0.03023
  0.1526
  0.1826
  0.1296
    0.17
  0.1378
 0.003525
  0.1079
  0.2994
 0.07246
 0.009336
 0.04568
 0.06283
  0.6715
  0.5007
  0.1641
  0.3822
   0.428
  0.4432
 0.09193
  0.2167
  0.1843
 0.06283
  0.5977
 0.06385
 0.05869
  0.1468
  0.2161
  0.1675
 0.005098
  0.1003
