 0.09596
  0.2433
 0.09264
     0.1
 0.06881
 0.01981
  0.3124
 0.08645
   0.101
  0.1906
  0.4678
 0.06573
  0.2521
 0.009974
  0.0105
 0.07949
 0.01037
  0.7066
    0.36
  0.5215
  0.1084
  0.1501
  0.2769
  0.1269
  0.1065
 0.05948
  0.2805
  0.2659
  0.4587
  0.4787
 0.002368
  0.1648
  0.3438
   0.204
 0.08477
  0.0902
  0.0389
  0.2459
  0.2081
   0.287
   0.101
 0.008675
  0.1293
  0.5726
  0.5765
   1.674
  0.6818
  0.1727
  0.3856
  0.1939
  0.6265
  0.5002
  0.1039
  0.0106
  0.4151
   0.373
  0.1222
  0.4246
  0.4284
  0.8534
 0.08485
  0.2763
  0.9409
  0.3006
 0.001286
  0.1507
 0.05289
 0.09475
 0.04424
  0.2549
  0.0944
  0.4075
 0.02834
  0.5237
 0.05806
   0.113
  0.9262
  0.2021
  0.3976
  0.8305
  0.3484
  0.1129
 0.03757
  0.5987
  0.1014
  0.4925
  0.1677
  0.1271
   0.224
 0.007643
  0.1082
 0.02419
  0.1431
  0.4691
  0.2013
  0.2777
  0.5174
  0.4554
 0.08923
  0.1272
  0.0198
  0.2602
  0.0696
  0.2907
  0.1441
  0.2248
  0.1927
  0.2674
  0.2566
  0.0678
  0.5943
  0.3001
  0.3171
  0.7185
  0.3075
 0.009977
 0.03005
  0.1448
   1.092
 0.08903
  0.3403
  0.1204
  0.1998
 0.01587
 0.01697
  0.6247
 0.004816
  0.1394
 0.03608
 0.07048
  0.5691
  0.2192
  0.2751
  0.0497
  0.2498
  0.1132
 0.02808
  0.3129
  0.2812
  0.4151
  0.2851
  0.2164
   0.199
  0.3321
  0.1579
  0.4166
  0.5864
 0.08456
  0.1544
 0.09283
   0.221
  0.1782
  0.2442
  0.1296
  0.2991
  0.5915
  0.7955
  0.1331
  0.2671
 0.0002136
  0.2099
 0.05771
 0.07644
  0.5814
  0.3153
  0.3682
  0.3592
  0.5013
  0.5586
  0.3682
  0.5822
   0.481
  0.5154
 0.02929
 0.0005797
 0.02735
  0.3805
  0.1719
 0.00257
  0.2877
 0.04284
 0.0008283
  0.2101
 0.01546
 0.00311
  0.2476
 0.01951
  0.2678
  0.5651
  0.4978
   0.343
  0.1372
  0.7837
 0.07225
  0.2846
  0.1216
 0.001459
  0.7459
  0.6179
  0.0629
  0.2165
 0.08727
  0.1735
  0.4291
 1.392e-005
  0.1128
  0.1991
  0.4517
   0.145
  0.1907
  0.0917
 0.07541
    1.04
 0.01291
 0.06008
       1
  0.2942
  0.2201
   0.828
  0.1064
  0.2686
  0.4033
  0.2111
   0.321
 0.02098
   0.606
  0.1394
 0.01641
 0.09487
 0.07111
  0.1166
  0.1571
   0.734
  0.4246
  0.3464
  0.3368
  0.4638
   0.506
  0.1587
  0.8237
 0.06373
  0.1499
 0.01974
 0.01241
  0.3207
   1.011
  0.4067
 0.09138
  0.1462
  0.4101
  0.2585
 0.001192
 0.007106
  0.3526
  0.1314
  0.6808
  0.3196
  0.3171
  0.3875
  0.8679
  0.1396
  0.0547
  0.1343
   0.248
  0.3748
  0.5082
  0.6732
  0.2586
 0.05099
 0.04248
 0.01196
  0.1815
  0.6236
  0.3796
  0.2279
 0.02057
 0.04177
  0.1005
  0.2414
 0.01669
 0.01193
  0.4317
  0.1272
  0.2722
   0.385
 0.07538
  0.1962
 0.02285
  0.2702
 0.05708
 0.01074
 0.03554
 0.03291
 0.09917
 0.09817
   0.338
  0.4743
   1.004
 0.09976
  0.2081
  0.4076
  0.3562
  0.2054
  0.1871
 0.08872
 0.01404
 0.04204
  0.1209
  0.0152
  0.2467
  0.7128
 0.08499
 0.08374
 0.04501
  0.1774
  0.1091
  0.3117
  0.4663
 0.07402
 0.06001
  0.2843
  0.5728
  0.1594
  0.2202
 0.05066
 0.04708
  0.1202
  0.4493
  0.7397
  0.2904
  0.0625
  0.1903
  0.1653
 0.05854
 0.08632
 0.00661
 0.04066
  0.4065
 0.006919
   1.234
 0.06191
  0.1286
 0.01379
 0.002076
  0.6956
  0.1136
 0.07309
  0.0282
   0.223
 0.01064
  0.4394
  0.1053
  0.2045
  0.1017
  0.1105
  0.1113
  0.1233
  0.0754
  0.5062
  0.7002
  0.4781
  0.1812
  0.5521
  0.2163
 0.001116
 0.008998
  0.1851
 0.01158
 0.07286
  0.2042
  0.1717
  0.6975
  0.1346
 0.05189
 0.06691
 0.07395
   0.388
   0.773
    0.62
  0.7691
  0.0556
    0.12
  0.1935
  0.1781
 0.02086
 0.01057
  0.9896
  0.1658
  0.1848
 0.03334
 0.01665
 0.02292
  0.1053
   1.664
    0.24
   0.332
 0.03994
   0.368
  0.1913
   0.239
  0.1228
   0.475
  0.4656
 0.07254
  0.1409
  0.1804
  0.3641
 0.01622
  0.2394
  0.1561
  0.3759
  0.6524
 0.09707
  0.1256
  0.2782
  0.3389
 0.006232
  0.2006
  0.2441
   1.263
  0.1131
 0.08786
 0.07274
 0.09297
 0.05691
  0.2755
  0.2874
 0.008132
  0.2965
  0.7274
  0.2344
  0.3656
  0.1028
 0.05941
  0.1085
  0.8308
 0.01137
   0.611
  0.6692
  0.1539
 0.05685
  0.1386
 0.03163
 0.01431
  0.3353
  0.2379
  0.1765
 0.01891
 0.04769
  0.1262
  0.2087
  0.6217
  0.2969
 0.09134
  0.3124
   0.255
 0.05998
 0.01389
  0.1154
  0.1739
  0.1389
 0.02401
 0.006389
  0.1913
  0.5332
 0.04736
 0.08927
 0.02805
 0.00977
    0.62
 0.002252
  0.1626
  0.1005
  0.1154
  0.0625
  0.1166
 0.06558
  0.2108
 0.09833
  0.1902
 0.09219
 0.02818
 0.02359
 0.08413
  0.0881
   0.289
  0.3257
 0.02779
 0.04183
  0.2917
  0.7935
 0.04777
 0.03319
  0.3367
 0.01717
  0.7296
   0.405
 0.07691
  0.8809
  0.3091
 0.05382
 0.01401
 0.08262
 0.04043
  0.3788
  0.4396
  0.1139
  0.5988
  0.2167
  0.3944
  0.1315
 0.04158
 0.05897
  0.0601
  0.1619
 0.03527
  0.7544
  0.8401
   0.216
  0.3362
  0.4114
 0.02718
  0.3269
 0.02122
  0.2109
   0.137
 0.00332
 0.008496
  0.5306
 0.004942
  0.2582
  0.4095
 0.08626
  0.4899
 0.00757
  0.1755
   0.101
  0.1005
  0.4492
  0.2972
  0.2092
  0.4238
 0.009971
  0.8413
  0.2697
 0.07155
 0.001866
  0.1662
  0.1443
  0.2827
  0.1971
  0.2129
  0.7679
  0.4404
  0.8386
 0.07353
  0.1963
  0.2761
 0.03971
  0.4404
  0.5689
  0.8608
  0.2304
  0.1385
 0.03024
  0.4939
  0.1917
  0.2138
   0.366
  0.1323
  0.5947
  0.3605
  0.9062
 0.04653
  0.1716
 0.0001703
  0.1447
  0.3401
  0.8259
  0.1191
  0.1945
  0.1087
  0.6022
  0.2539
  0.1175
  0.1259
  0.7303
  0.3232
    0.44
 0.002882
  0.3453
  0.1122
  0.2515
  0.2564
 0.03367
  0.2292
  0.1455
  0.2244
 0.02071
  0.1242
  0.5107
  0.2282
  0.5036
 0.03903
  0.2171
  0.1215
 0.01629
 0.08569
 0.09996
 0.06488
  0.2455
  0.4631
 0.009834
  0.1847
  0.7689
  0.8349
  0.4783
  0.1025
  0.7694
  0.1859
 0.05678
   0.999
 0.02632
  0.2735
  0.5155
  0.2117
  0.1717
  0.1121
 0.01418
  0.2191
  0.7173
   1.066
  0.1356
  0.1385
   1.249
  0.5094
 0.04632
   1.239
 0.004912
   0.501
  0.0296
 0.06716
 0.08054
  0.5997
  0.3126
  0.3163
   0.792
  0.2196
 0.04569
  0.0502
 0.07857
  0.2877
  0.1499
 0.02923
  0.1643
   0.367
  0.1252
 0.08502
   1.388
  0.3369
  0.3337
   0.114
  0.1311
  0.1233
 0.05422
  0.1372
  0.2101
  0.8781
   0.184
  0.1862
  0.2604
  0.3537
  0.2092
 0.08763
 0.05399
  0.2344
  0.1066
  0.1589
 0.05691
  0.1883
  0.0264
  0.1556
   0.048
 0.06647
  0.1086
  0.6608
 0.04826
  0.3065
  0.9627
 0.09795
  0.5882
  0.3649
 0.07778
  0.1594
  0.3515
  0.2506
  0.9829
 0.03224
   0.517
  0.1622
   0.135
  0.1798
 0.06445
    1.44
  0.1619
  0.7039
  0.2721
  0.8943
  0.3184
 0.09318
  0.8945
  0.4425
  0.1419
  0.3111
  0.7499
 0.05754
  0.2916
  0.8643
  0.1552
  0.1768
  0.1314
 0.05894
  0.1755
  0.1612
  0.1398
  0.1408
 0.07706
  0.3447
  0.2031
 0.01344
 0.05261
  0.1372
  0.2547
   0.167
 0.01052
  0.2392
  0.2434
  0.3012
  0.8287
 0.00797
  0.2381
   0.369
  0.1967
  0.1821
  0.7351
  0.1535
  0.5247
  0.2494
 0.06895
  0.3572
  0.2443
 0.05657
  0.1564
  0.1621
 0.01977
  0.5615
 0.0001448
  0.3728
 0.06222
   0.363
  0.3041
  0.3443
  0.4003
  0.4525
  0.8565
  0.9719
  0.1156
  0.2593
  0.3839
 0.02832
  0.1182
  0.4254
  0.4155
  0.1205
 0.05657
   0.244
  0.1377
 0.06711
 0.06783
   0.195
  0.3913
  0.4518
   0.706
  0.4345
  0.6611
  0.2672
   0.578
 0.01431
  0.3628
 0.009052
   0.579
  0.3162
 0.05706
  0.3352
  0.9842
  0.3474
 0.05087
   0.184
   0.171
  0.0311
   0.342
  0.2945
 0.05076
  0.1124
 0.02348
  0.2814
 0.06436
 0.04919
  0.2577
  0.2127
 0.09351
  0.8603
 0.03184
  0.3239
  0.2964
   0.129
  0.2179
 0.08209
 0.07541
   1.174
  0.1757
  0.3405
  0.2226
  0.2518
   0.456
  0.2028
 0.004417
 0.05482
 0.01815
  0.2575
  0.2994
 0.01584
 0.08406
   1.075
  0.2741
  0.2976
 0.06656
 0.05018
  0.5739
 0.06049
  0.1227
 0.0006673
  0.1203
    0.71
 0.002039
  0.8216
 0.04549
  0.8829
 0.05721
  0.5262
   0.143
  0.3284
   1.766
   0.141
  0.2088
  0.1986
   0.123
  0.3279
 0.05288
 0.05762
  0.1304
  0.5231
 0.07512
  0.1784
 0.05157
  0.1842
 0.02761
  0.4751
 0.005992
  0.1417
  0.1736
  0.3602
  0.1443
 0.01435
  0.3261
  0.1701
 0.06791
 0.01985
  0.2538
  0.2043
  0.2161
   1.013
  0.3077
 0.09196
 0.007615
  0.2474
 0.02987
   0.168
  0.2521
  0.3957
  0.3798
  0.4138
  0.9204
  0.3498
  0.1545
  0.1704
 0.06509
  0.4404
  0.3795
  0.4862
 0.06886
  0.8001
 0.09362
  0.4828
  0.2147
 0.07648
  0.2508
  0.2664
  0.2229
  0.2282
  0.1234
 0.05484
  0.1662
 0.03326
   0.111
  0.3485
  0.1189
  0.5043
  0.1783
   0.168
  0.1114
 0.08176
 0.01821
 0.009516
  0.2031
  0.4074
  0.2192
 0.01158
 0.05432
  0.1441
  0.9328
  0.3432
  0.2743
 0.08662
   0.239
  0.1842
  0.2185
 0.04277
  0.1184
  0.1533
  0.4675
 0.01565
   0.304
  0.6255
  0.3062
  0.4508
  0.2761
 0.02493
  0.4375
  0.2835
 0.01008
  0.2167
  0.1051
  0.3137
  0.1036
   0.639
  0.6715
  0.2053
  0.5995
   0.054
  0.5021
  0.5351
  0.8887
     0.2
 0.02119
  0.8358
  0.2942
  0.3943
 0.06827
 0.07803
 0.06911
  0.6773
  0.3863
   1.273
  0.4925
  0.3494
 0.005529
  0.2595
    0.63
  0.1147
 0.04183
   0.225
   1.011
   0.392
  0.1145
  0.2509
  0.5087
   0.171
  0.5366
  0.2014
  0.3166
  0.8989
 0.00557
  0.2946
 0.01235
 0.08933
 0.07773
  0.1763
  0.4314
  0.3033
  0.0987
