   10.83
   14.71
  0.7079
   16.42
   4.755
   6.584
   13.43
   19.07
   17.16
    5.27
   3.456
   19.06
   7.215
   9.864
   4.106
   13.88
   17.09
   13.41
   6.093
   14.33
   10.73
   11.66
   16.26
   13.28
   12.57
   11.78
   16.34
   14.42
   6.315
   1.172
   1.693
   1.002
   13.67
   16.15
 0.05591
   4.618
   13.09
   10.74
   10.31
   13.91
   18.57
   5.413
   1.206
   3.364
   18.32
   15.83
   10.14
   2.008
   13.59
   1.592
   1.893
   2.208
   17.38
   15.01
   7.362
   8.396
   13.18
   9.833
   2.341
   5.826
   13.77
      10
   6.252
   9.321
   19.91
   18.41
  0.9005
   12.02
   19.14
   5.636
   9.225
   14.15
   4.475
   18.71
   14.05
   11.72
   13.22
   9.869
   16.82
   5.362
   5.684
   5.272
   16.38
   8.984
   3.916
   13.79
   7.692
   18.58
   10.49
   15.73
  0.6166
  0.9795
   7.218
    11.6
   18.64
   2.554
   13.95
   10.85
   17.62
   18.01
   7.263
  0.6386
   4.561
   19.13
   19.26
   14.55
   16.35
   3.514
    16.3
   1.365
    18.5
   3.318
   17.75
   13.83
   3.919
   14.03
   14.72
   17.36
   11.63
   3.219
   8.854
   18.84
   5.545
   19.25
   11.03
   15.34
   13.22
  0.0767
  0.1415
   2.862
   4.579
   1.966
   1.847
   5.127
   10.69
   8.258
   7.306
   2.285
   2.496
   18.11
   11.94
   19.69
   9.578
   15.25
   14.17
   16.63
    18.9
   16.73
   14.18
   15.11
   13.54
   1.673
   12.67
    8.55
    11.5
 0.01374
   9.577
   10.59
   4.377
   1.264
   2.871
   3.809
   16.16
   3.255
   7.264
   8.474
   1.988
  0.8884
   12.98
   11.31
   6.857
   14.88
   4.495
   14.22
   4.414
  0.5366
    19.3
   3.063
   15.68
   16.46
   6.652
    16.4
   7.817
   13.32
   6.293
   14.23
   12.86
   2.645
   7.239
   6.736
   6.485
   5.491
   6.512
   3.068
   6.745
   1.256
   7.888
 0.05717
   12.83
    16.4
   0.655
   10.98
   3.808
   13.22
   18.36
   14.32
   17.39
   18.55
   17.54
   2.495
   8.651
   12.58
   16.52
   10.62
    8.82
   17.55
   14.11
   5.248
   3.997
   6.519
    8.39
   13.15
   13.92
   12.13
   15.44
   10.02
    10.7
   15.34
   8.095
    9.25
   17.59
   14.17
   14.71
   10.69
   7.725
   12.48
   17.89
   9.382
   2.872
   8.663
   13.25
   4.302
   12.18
   4.473
   8.159
   7.129
   10.93
   13.71
  0.4985
   10.99
   19.29
   11.01
   17.41
    19.2
   1.049
  0.5634
   14.02
   14.03
   2.396
   4.891
   12.26
   5.427
   10.64
   13.58
   19.52
   19.81
   12.98
   12.04
   7.479
   8.771
   15.24
   10.25
   10.81
   17.86
  0.6428
   11.52
   5.943
   15.31
    8.52
   1.201
   9.827
   0.824
    13.1
   15.49
   18.66
   14.27
   2.256
   10.16
   6.647
   4.474
   16.22
   9.275
   4.757
   17.96
   6.363
   13.99
   19.46
   7.706
   13.95
   11.29
   11.49
   1.863
   8.879
   2.698
   14.59
   12.54
   8.415
   13.09
   14.25
   4.548
   15.97
   19.38
   6.472
   4.128
   19.83
   19.35
   16.53
   7.728
   11.91
  0.2941
   17.68
   10.74
   6.534
   7.871
   9.961
   16.24
   19.13
   14.79
   18.91
   3.761
   5.016
    9.59
   14.31
   18.03
   18.15
   5.369
   8.968
   17.73
   9.871
   8.554
   17.45
   4.203
   7.644
   7.639
   14.81
   10.28
   13.82
   1.941
   15.38
   8.953
   4.394
   10.34
    11.5
   2.185
   7.723
 0.05402
   12.25
   9.619
   3.312
   15.35
   2.229
   17.35
  0.5438
   6.321
  0.2985
   6.658
   17.44
   17.64
   18.32
   2.785
   19.39
   17.29
   19.91
   3.656
   17.93
    5.34
   19.21
   8.644
   9.474
   2.653
    19.6
    7.32
   14.07
   19.68
   12.48
   8.197
   14.16
   5.198
   15.99
   7.486
   13.29
   15.04
   13.81
   17.84
   14.91
  0.8578
   13.84
   17.11
   1.107
   18.89
    7.02
   17.09
   11.34
   18.69
   6.029
   12.28
   1.192
   11.86
   4.059
   8.606
   1.153
  0.8578
   13.56
    12.2
   15.33
   7.687
   4.993
   18.15
  0.2151
   2.678
    5.57
   19.21
   3.434
   13.23
   18.01
   14.61
   2.495
   12.57
   19.31
   18.77
   3.541
   8.492
   19.44
   10.03
 0.09387
    12.1
  0.1625
   19.45
   11.81
   6.578
   13.72
   19.54
   3.235
   15.93
   1.634
   12.98
   2.535
   13.73
   13.42
   1.411
  0.2687
   11.87
   5.354
   14.17
   8.123
   9.314
   19.23
   17.05
   17.67
  0.8467
    1.08
   1.003
   19.11
   5.821
   19.96
   10.96
 0.03633
   16.91
   6.691
   14.55
   4.163
   8.866
   12.58
   10.81
   10.09
   7.246
   8.195
   19.02
   10.07
   17.19
    2.13
   7.362
   8.694
   12.15
   19.72
   1.745
    1.73
   2.653
   1.818
   14.51
   14.81
   5.049
   3.526
   13.19
   2.194
   10.25
   12.96
   9.276
   5.538
    12.5
    9.99
    6.94
   12.62
    18.1
   4.998
   11.81
   16.11
   14.18
   17.62
    19.7
    12.3
   17.44
    15.5
   5.376
   19.87
   2.888
   13.05
    11.3
   18.63
   12.63
   10.16
   16.38
   8.288
   4.556
   11.02
   4.709
   7.165
    1.16
   2.802
   14.34
   10.97
   18.24
   14.43
   6.004
   11.56
   13.65
   15.36
    11.9
   15.65
    16.1
   14.28
   4.396
     3.6
   13.85
   17.91
   4.829
   8.159
   3.464
   9.703
   12.22
    13.2
   18.61
   8.639
   12.03
   12.48
   18.74
   7.947
    4.93
   8.397
   17.92
   13.87
   15.52
   10.72
    13.5
   4.398
   1.116
   15.35
    14.9
   8.042
  0.4544
    3.09
    12.4
   2.561
   2.484
   18.35
   5.799
   13.73
   15.09
   7.949
   13.25
   14.07
   13.87
   19.81
   19.97
   1.618
   10.84
   1.768
   6.986
   18.67
    3.23
  0.2668
   19.91
   10.53
   2.211
   19.15
   17.65
   4.257
    1.65
   18.38
   1.225
   7.414
   6.857
   12.81
   2.433
   6.828
   3.339
   10.93
   12.66
   7.331
   5.547
   13.61
   11.63
   10.51
    5.63
   12.84
   16.09
   13.48
   2.179
   10.52
   8.659
   7.574
   8.983
   17.15
   6.496
   17.17
   3.774
   10.63
   10.09
   18.39
   16.98
   15.01
   11.99
   17.85
  0.4783
   19.19
   5.587
   11.46
   16.33
   15.71
   13.82
   3.095
   5.563
   19.52
   17.96
   3.419
   16.88
   6.669
   6.347
    8.59
   15.43
   13.11
   3.137
   19.03
   11.56
   13.42
   17.06
   18.16
   9.587
   19.56
   10.17
   11.16
   16.49
   19.62
   6.579
   3.734
   10.69
   16.59
   1.233
  0.8267
   10.85
   7.065
   8.641
   5.396
   4.518
 0.04779
   11.63
   17.16
   16.98
   15.66
   10.11
   11.33
   19.95
   3.915
   9.796
   17.41
  0.3502
   3.449
   10.98
   17.86
   9.026
  0.2879
   17.27
   6.954
   9.536
   6.589
   4.363
   9.432
   6.879
   19.39
   8.747
   19.31
   16.25
   19.37
    16.5
   18.61
   11.78
   9.574
   12.02
    16.1
   15.32
    14.2
   6.758
    6.08
    5.14
   17.31
   8.009
   7.086
   4.714
   1.617
   7.625
  0.6704
   11.47
   7.203
   10.78
   10.14
    5.51
   10.29
   4.717
   19.32
   18.41
   1.973
   7.504
   11.28
   1.918
   6.995
   16.77
   7.103
   16.74
   2.472
   18.49
   4.628
   1.272
   16.65
   15.66
   17.21
   0.357
   7.673
   17.15
   12.44
   14.03
   2.298
   6.372
   10.95
    6.28
   14.68
   10.06
   5.103
   13.78
   5.092
   7.017
   17.78
   14.66
   18.71
   16.88
   1.116
   17.23
   4.323
   8.838
   15.26
   8.758
   13.12
   10.42
   7.113
   4.208
    17.4
    16.2
   9.087
   14.98
   9.375
    16.6
   17.85
   17.68
   19.87
   6.596
   13.08
   2.846
   17.09
   14.48
   16.21
   3.724
   5.378
   10.64
   9.177
       5
   3.971
   16.24
   13.19
   11.55
   5.725
   12.07
   7.452
   17.21
   15.88
   7.184
    7.93
    13.5
   10.82
   7.748
   6.097
   18.39
   16.79
    5.73
   7.684
   5.028
   8.696
   7.672
   11.43
   10.54
   8.803
   3.436
   7.831
   4.715
    5.52
   14.95
   17.89
   18.81
   12.14
    4.98
   11.88
   14.27
   5.577
   5.835
   8.056
   11.48
   5.145
   8.163
   11.46
   18.53
   11.28
   9.678
   12.61
   19.95
   4.301
   3.914
   6.319
   5.457
   3.163
   8.976
   10.38
   18.73
   4.204
   16.29
    4.35
   6.128
   19.89
   19.34
     8.3
   5.468
   17.58
   2.457
   1.554
   14.76
   18.25
   9.517
   1.445
  0.9408
   15.28
   12.73
   2.062
   8.672
   13.16
   1.367
   13.01
   9.043
   6.274
   10.53
   18.13
   8.339
   17.64
   9.881
    14.3
   16.79
   17.66
   12.41
   10.14
   17.34
   2.871
   3.175
   4.774
   14.34
   14.68
   8.052
   6.594
    2.38
   18.13
   2.489
   11.99
   14.96
  0.6594
  0.2552
   4.127
    13.3
   10.83
   2.189
   11.65
   15.04
   17.09
   4.948
   7.493
    3.05
    6.51
   9.763
   7.572
   14.11
   3.559
   11.18
   9.573
   7.721
   8.831
   5.829
   11.69
   14.81
    17.8
    1.14
   11.37
    6.52
   19.58
   4.126
    4.08
   2.919
   15.66
   10.12
   2.025
   1.782
   18.67
   11.52
   12.93
   7.326
   11.12
   6.548
   18.78
   18.96
   4.139
   7.998
   14.57
 0.05463
   16.26
   11.98
   7.028
   6.651
   12.15
   6.679
   13.42
   16.25
   1.328
   1.095
  0.2663
   16.55
   16.98
    13.8
   2.075
   14.19
   14.66
   1.693
  0.1294
   3.501
   11.05
   8.732
   1.214
   15.26
   2.735
    14.7
   16.37
   5.457
   4.905
   3.959
   19.66
   3.998
   10.15
   14.18
   6.877
   3.504
   7.193
     5.1
   14.35
   8.036
   19.63
   7.293
   17.65
    1.85
   4.706
   10.89
   10.36
   18.15
   12.03
   14.35
   2.817
    7.83
   2.357
    13.2
  0.8754
