   166.5
   120.9
   110.7
   137.4
   172.3
   120.7
   134.8
   121.5
   181.5
   178.1
   181.2
   140.9
   139.8
   138.4
   166.7
   132.8
   108.2
   116.9
   194.9
   101.3
   156.3
   142.4
   149.9
   160.8
   156.4
   100.7
   190.4
   179.6
   176.9
   178.7
   143.2
   124.1
   176.4
   108.2
   196.9
   102.2
   197.2
   109.1
   196.1
   107.1
   159.2
   133.9
   134.4
   161.2
   153.5
   110.8
   148.9
   159.8
   136.4
   187.9
   113.3
   114.5
   122.7
   176.7
   132.3
   197.7
   180.1
     196
   134.8
   185.5
   122.4
   115.5
   167.9
     102
   103.3
   199.5
   190.6
     163
   110.6
   151.1
   167.6
   119.6
   159.4
   155.4
   163.1
   101.9
   186.2
   123.6
   134.2
   162.9
   142.5
   136.4
   125.2
   122.2
   188.6
   188.2
   160.9
     110
   187.3
   130.6
   140.7
   110.1
   197.8
     116
   131.8
   104.5
   169.2
   141.8
   163.6
   116.8
   134.5
   193.7
   121.3
   155.9
   104.1
   189.7
   139.1
   159.6
   159.8
   123.6
   194.6
     139
   148.6
   109.2
   102.4
   121.3
   175.9
   123.6
   107.6
   194.4
   199.9
   151.2
   179.8
   150.2
   125.1
   127.3
   106.6
   128.4
   195.9
   181.9
   187.9
   160.4
   190.6
   183.7
   128.9
   112.8
     115
   183.5
   134.2
   131.5
   196.2
   157.8
   101.9
     185
   176.3
   153.3
   116.7
   108.6
   106.3
   129.9
   144.1
   148.1
   139.6
   104.8
     124
   102.9
     126
   196.1
   164.4
   170.7
   105.2
   166.8
   135.3
   190.7
   100.9
   168.1
   162.3
   187.3
   114.1
   183.6
   120.5
   114.2
   117.2
     173
     128
   197.7
   147.7
   115.6
   140.1
   181.1
   101.9
     154
   142.4
   167.6
   128.5
   138.3
   145.2
   164.9
   122.5
   169.4
   176.9
   128.2
   119.1
   143.1
   177.6
   104.5
   187.2
   193.6
   193.5
   176.2
   123.1
   137.1
   169.7
   104.6
   144.7
   116.2
   144.9
   174.1
   184.6
   142.8
   144.4
   135.5
   184.5
   142.6
   174.4
   150.1
   188.3
   198.5
   115.4
   133.1
   136.5
   194.1
     116
   197.7
   159.5
   157.9
   186.9
   198.8
   171.4
   107.1
   194.2
   176.4
   164.1
   190.7
   153.7
   199.8
   100.6
     134
   124.2
     111
   108.9
   181.9
   101.5
   168.8
   175.9
   142.8
   111.9
   192.2
   140.9
   132.3
   106.3
   104.4
   189.8
   116.9
   153.6
   176.2
   148.1
   158.1
   134.8
   170.3
   175.5
   155.6
   136.4
   184.7
   158.9
   191.4
   144.5
   196.4
   106.7
   173.6
   138.1
   105.3
   142.4
   179.8
   183.3
   177.9
     198
   101.3
   126.8
     191
   108.3
   186.5
   189.8
   175.6
   104.2
   184.8
   161.6
   160.5
   106.9
   190.4
   193.4
   116.1
   121.1
   185.8
     192
   198.1
   129.3
     186
   113.8
   191.5
     185
   181.6
   158.2
   153.9
     107
   183.3
   161.6
   159.6
   172.7
     165
     191
   143.2
   112.2
   108.1
   137.9
   143.7
   101.8
   144.7
   111.8
   147.5
   157.8
   101.8
   134.4
   132.9
   130.4
   144.8
   132.8
   113.4
   197.2
   121.3
   133.6
   181.8
   157.3
     105
   156.5
   153.5
   124.6
   139.3
   108.3
   110.7
   121.9
   180.9
   176.3
   145.8
   174.6
   143.9
   122.3
   105.5
   104.3
   143.4
   176.2
   134.1
   122.6
   139.1
   129.8
   117.6
     125
   179.3
   130.6
   127.6
   184.5
   144.3
   175.6
   164.3
   145.4
   190.7
   104.9
   101.2
     117
   194.6
   195.3
   128.3
   167.4
   195.7
   154.7
   195.7
   117.3
   140.8
     115
   157.9
   133.6
   127.8
   126.5
   117.1
   123.2
   149.2
   151.4
   167.2
   126.9
   136.2
   157.5
   137.3
   113.1
   101.9
   111.9
   135.8
   171.4
   185.6
   175.2
   193.8
   106.2
   196.3
   194.5
     109
   131.2
   156.4
     198
   189.6
   162.2
   145.7
   187.9
   197.7
   111.6
   144.8
   134.8
   193.4
   181.5
   179.1
   171.2
   178.4
     158
   162.4
   185.2
   139.6
   104.9
   140.8
   114.3
   193.2
   156.9
   136.4
   139.3
   128.1
   114.1
     191
   177.8
   149.9
   135.1
   109.9
     178
   124.5
   131.3
   105.5
   112.7
   121.9
   160.1
   141.3
   172.8
     160
   119.3
   175.5
   160.9
   148.2
   140.1
   104.8
   185.6
   131.4
   181.6
     108
   154.6
   133.4
     124
   190.2
   169.1
   101.1
   162.4
   125.8
     117
   147.8
   100.9
   102.9
   166.7
   197.3
   146.2
   166.9
   161.5
   127.3
   101.1
     164
   112.4
   113.6
   158.5
   185.3
   192.5
   173.4
   195.2
   110.2
   130.5
   109.4
   165.3
   150.4
   104.8
   153.3
   194.4
   193.7
   136.5
   109.6
     173
   147.4
   183.9
   199.6
   150.6
   182.5
     136
   104.8
     129
     177
     106
   110.8
   156.5
     160
   125.5
   151.2
   121.1
   155.5
   137.8
     151
     145
   125.6
     192
   170.6
   177.7
   114.9
   136.6
   149.6
   190.1
   193.9
   113.3
   150.5
     168
   102.8
   150.5
   102.1
   106.1
   195.4
   157.6
   143.9
   101.6
   182.5
   118.2
   169.3
     148
   176.1
   183.9
   169.6
   128.9
   132.8
   168.7
   177.7
   111.5
   197.7
   141.8
   111.8
   140.8
   148.2
   122.1
   119.4
   132.9
   137.6
   171.4
   120.6
     169
   138.8
   188.7
   152.2
   189.1
   188.5
   103.5
   111.5
   185.7
   130.4
   169.8
   199.6
   197.6
   159.1
   159.7
   165.6
   103.6
   164.2
   157.1
   150.4
   116.5
   173.6
   151.8
     130
   176.4
   197.3
   132.9
   159.4
   144.7
   171.6
   182.7
   116.9
     198
   102.3
   170.3
   146.9
   121.6
   108.7
   145.6
   104.4
   103.2
   167.4
   132.9
   198.6
   127.1
     156
   124.5
   136.3
   167.4
   196.5
   174.9
   166.1
     182
   199.9
   193.9
   121.9
   106.4
   109.1
   141.1
   166.6
   147.4
     143
   119.1
   136.1
   176.9
   140.2
   167.2
   182.8
   125.4
     103
   155.7
   119.6
   176.1
   140.6
   179.2
   163.2
   158.5
   113.5
   150.4
   178.4
   141.9
   176.7
   193.9
   121.6
   129.7
   123.7
     140
   184.5
   152.7
   130.4
   118.5
   137.8
   162.9
   198.5
   152.4
   175.3
   127.5
   199.4
   151.3
   157.1
   122.5
   118.1
   105.7
   153.8
   126.2
   196.8
   180.7
   190.2
   113.5
   178.7
   109.1
   188.8
   149.1
   151.6
     186
   113.8
   181.6
   191.9
   161.9
   114.7
   137.1
   108.1
     137
     170
     113
     185
   154.5
   131.2
   171.8
   126.6
   194.4
   166.4
   134.7
   100.9
   167.5
   104.1
   175.4
   182.8
   109.1
   176.6
   114.1
   198.2
   172.5
   164.5
   110.9
     168
     123
   139.6
   159.5
   151.1
   131.6
   109.2
   181.5
   189.1
   168.5
   159.9
   119.6
   149.4
   197.3
   100.8
   131.5
   168.9
   168.4
   107.8
   183.8
   198.4
     113
   167.2
   145.6
   145.5
   136.5
   119.2
   182.2
   119.2
   112.6
   102.2
     149
   172.8
     177
   195.7
   185.3
   148.5
   120.8
   165.1
   107.9
   120.3
   184.7
   104.4
   104.6
   138.5
   152.6
   180.8
   128.6
   173.1
   145.2
     178
   191.8
   157.3
     114
     140
   158.6
   131.8
   134.6
   114.9
   139.6
   188.3
   101.2
   198.8
   185.5
     113
   119.7
   179.2
     181
   130.7
   101.5
   179.1
     138
   148.5
   157.7
   100.5
   189.8
   199.3
   192.4
   168.3
     185
     186
   196.7
     174
   180.5
   124.6
   142.3
   119.4
   136.3
   188.6
   175.4
   160.6
   108.1
   152.5
   110.2
   151.3
   142.2
   135.4
   122.9
   186.9
   168.3
   144.8
   145.5
   148.2
   193.7
   120.6
   159.2
   144.9
   197.2
   178.7
   188.5
     160
   122.4
   154.5
   194.8
   192.6
   171.9
   147.1
     170
   102.3
   100.5
   162.8
   130.7
   153.1
   109.8
   158.7
   111.4
   156.5
   140.9
   186.8
   158.7
   115.6
   169.1
   137.5
   124.8
   169.1
     197
   183.5
   161.2
   134.7
   148.6
   123.4
   112.8
   152.8
   162.9
   125.5
   111.2
   130.6
   187.7
   171.8
   168.8
   185.6
   173.3
   101.1
   172.3
   189.3
   166.4
   153.7
   176.7
   111.2
   103.6
   114.1
   198.8
   162.3
   105.3
   155.8
   111.1
   138.9
   169.7
     184
   135.5
   166.6
   165.8
   180.4
   137.2
   143.7
   128.2
   145.9
     118
   185.1
   149.8
   145.4
   110.7
   166.1
   176.4
   150.6
   172.3
   166.1
   199.8
   184.4
   178.1
   112.4
     152
   164.3
   115.2
   123.7
   198.9
   146.5
   176.4
   154.3
   133.6
   169.1
   154.1
   137.5
   170.9
   196.5
   133.5
   129.4
   140.2
   162.6
   186.9
   152.8
   180.2
   114.9
   167.4
   140.7
   131.6
     158
   102.4
   180.4
   131.9
   197.7
   187.3
   156.9
   108.1
   184.2
   179.6
   196.9
   171.5
   156.5
   192.6
   112.3
   110.7
   185.6
   188.7
   144.3
   185.5
   118.7
   173.5
   106.9
   120.9
   122.4
   189.9
   130.6
   100.7
   127.1
     111
   106.3
     161
   170.3
   134.4
     129
   184.5
   140.4
   176.2
   141.6
   193.8
   120.6
   164.1
   178.6
   145.3
   132.7
   131.5
   109.7
   122.8
   180.4
   111.2
   183.9
   131.7
   193.7
   129.3
   173.1
   192.1
   172.2
   198.8
   115.4
   133.1
     129
   113.1
   159.7
   186.3
   134.3
   140.4
   108.8
   179.6
   159.5
   116.8
   163.4
   130.9
   120.5
   140.4
   165.7
   141.9
   121.9
   164.9
   143.4
   191.8
